0
0
0
0
0
0
0
0
0
0
0
0
0
0
0
0
0
0
0
1
1
1
2
1
1
1
1
1
1
1
1
1
1
2
0
2
0
2
0
2
0
2
1
2
1
2
1
1
1
1
1
4
5
6
7
9
9
10
12
10
11
9
10
9
9
6
5
5
4
1
2
1
0
0
0
0
1
2
2
1
0
2
0
1
0
1
0
1
0
1
1
3
5
7
9
11
13
15
17
17
17
17
17
17
17
17
18
17
18
16
16
15
17
16
16
15
14
13
14
12
12
10
8
7
6
5
5
3
2
2
1
3
2
4
3
5
4
5
5
4
2
2
1
1
0
1
1
1
1
1
1
1
1
0
1
0
1
0
1
0
1
1
1
1
1
1
0
0
0
1
1
1
2
1
1
2
1
1
0
0
0
0
0
0
0
0
0
1
1
0
0
0
0
0
0
0
1
1
0
0
0
0
1
0
1
0
0
0
1
0
0
0
1
1
0
0
0
0
0
1
0
1
0
0
0
0
0
1
0
0
0
0
0
0
1
1
0
1
0
1
0
0
0
0
0
0
1
0
1
0
1
0
0
0
0
0
0
0
0
1
0
1
0
1
0
1
1
0
0
0
0
1
0
1
0
1
0
1
0
1
0
1
1
0
1
1
1
1
1
0
1
1
0
1
1
0
1
0
1
0
2
1
3
3
5
4
5
6
7
5
5
3
3
4
5
5
7
7
7
9
8
10
10
13
12
15
14
17
16
18
19
21
21
22
22
22
22
24
24
24
26
29
32
32
33
34
36
36
37
35
35
32
31
28
25
22
21
17
13
10
7
4
2
0
0
1
0
0
0
0
0
1
0
1
0
1
0
1
0
1
0
0
0
0
0
0
0
0
0
0
0
0
0
0
0
0
0
0
0
0
0
0
