0
0
0
0
0
0
0
0
0
0
0
0
0
0
0
0
0
0
0
0
2
1
2
1
0
1
1
1
1
0
1
1
0
2
0
2
0
2
0
2
0
2
1
2
1
2
1
1
1
1
1
4
5
6
7
8
10
9
12
9
9
8
9
6
7
4
4
2
1
0
1
1
0
0
1
1
1
1
1
0
0
1
0
1
0
0
0
0
0
1
1
3
5
7
8
9
10
12
14
14
14
14
14
13
14
13
14
13
14
13
14
13
14
13
12
12
11
9
10
7
7
5
4
3
2
2
1
0
0
1
0
1
1
1
1
3
2
3
3
1
1
1
1
1
0
0
1
1
1
1
1
0
1
0
2
1
1
0
1
0
1
0
0
1
1
1
1
1
0
0
1
0
0
1
1
1
0
1
0
0
0
1
0
0
0
0
0
1
0
0
1
1
1
0
1
1
1
0
1
0
0
0
0
0
0
0
0
0
0
0
1
1
0
1
1
0
0
0
1
0
0
0
0
1
1
0
0
0
0
1
0
1
0
0
1
0
0
1
0
0
0
0
0
0
1
0
1
0
0
0
0
0
1
0
1
0
0
0
1
0
0
0
0
0
0
0
0
0
0
0
0
1
0
0
0
0
0
0
0
1
1
0
0
0
0
0
0
1
1
1
1
0
1
0
0
0
0
0
1
0
0
0
1
0
1
0
1
1
1
0
1
0
0
1
0
1
1
1
0
0
0
1
0
1
0
0
0
1
1
1
0
2
1
0
1
0
1
1
1
0
1
0
1
1
5
4
8
7
9
7
9
7
7
6
6
6
6
3
2
1
0
1
2
2
2
3
2
5
5
8
7
9
8
10
8
10
10
11
9
9
6
5
5
4
4
3
2
0
1
1
1
0
0
0
1
0
1
0
0
0
0
0
