0
0
0
0
0
0
0
0
0
0
0
0
0
0
0
0
0
0
0
1
2
1
2
1
1
1
1
1
1
1
1
0
0
2
0
2
0
2
0
2
0
0
1
1
1
2
1
1
1
0
0
3
3
4
4
7
8
8
9
7
8
5
7
4
4
3
3
1
1
0
1
1
0
0
1
0
2
0
1
0
0
1
1
1
0
1
0
1
0
1
2
3
5
7
8
10
12
13
15
15
15
15
15
16
16
15
16
15
16
16
17
16
17
16
16
15
15
13
14
12
11
10
9
8
7
7
6
5
2
2
2
3
3
5
5
5
4
6
6
5
4
2
1
1
1
1
1
0
0
1
1
1
1
0
1
0
1
0
1
0
1
1
1
1
1
1
0
0
0
1
1
1
1
1
1
2
0
1
0
1
0
0
0
1
0
1
1
0
1
1
1
1
0
1
1
1
0
1
1
0
1
0
0
0
1
0
0
0
0
1
0
0
0
0
1
0
0
0
0
0
1
0
0
0
0
0
0
0
0
0
0
0
0
1
0
1
1
1
0
0
0
0
0
0
1
1
0
0
0
0
1
0
1
0
0
0
1
0
0
0
0
0
1
0
0
1
0
0
0
0
0
0
0
0
0
0
0
0
0
0
0
0
0
1
1
0
1
0
0
1
1
0
1
0
1
0
1
0
1
0
2
3
6
5
7
8
9
11
12
13
13
12
13
13
13
13
14
13
12
14
13
15
14
15
15
17
18
18
18
19
18
21
22
23
22
25
26
27
28
27
27
30
30
31
34
33
35
34
36
31
32
29
27
23
21
20
17
13
10
6
3
1
0
0
0
1
0
0
0
0
0
1
0
0
0
0
0
0
1
0
0
0
0
0
0
0
0
0
0
0
0
0
0
0
0
0
0
0
0
0
0
0
