0
0
0
0
0
0
0
0
0
0
0
0
0
0
0
0
0
0
1
0
1
1
2
1
1
1
1
1
1
1
1
1
1
2
0
2
0
2
0
1
0
2
1
2
1
2
1
1
1
1
1
4
5
6
7
8
9
9
12
10
11
9
10
7
7
6
6
3
3
1
1
1
0
1
1
0
0
1
1
1
0
2
0
0
0
1
0
1
0
1
3
5
7
9
11
13
15
17
19
19
19
19
19
19
20
19
20
19
20
19
20
19
20
20
19
19
18
17
16
15
14
12
12
10
9
8
7
7
4
2
2
4
2
4
3
5
4
6
6
5
3
2
1
0
1
1
1
1
1
0
0
1
1
0
1
0
1
0
1
0
1
1
1
1
1
1
1
1
1
1
1
1
1
0
0
1
0
1
0
1
0
1
0
1
0
0
1
0
0
1
1
1
1
0
1
1
1
0
0
0
0
0
1
0
0
0
0
0
0
0
0
0
1
1
0
0
0
0
0
1
0
1
2
1
0
1
0
1
0
0
0
1
0
1
1
0
0
1
1
0
0
1
0
0
0
1
1
0
0
0
0
0
0
0
1
0
0
0
1
0
0
0
0
0
1
1
0
1
0
0
0
0
0
1
0
1
0
1
0
1
0
0
1
0
1
1
1
1
1
1
1
1
1
1
1
0
1
0
1
0
1
1
2
2
4
5
5
6
7
5
6
4
3
4
5
6
7
7
8
10
9
12
11
14
13
16
17
18
18
20
20
21
21
23
23
23
21
22
23
24
27
31
32
33
37
37
40
40
42
39
40
37
36
35
34
32
32
31
31
27
25
23
21
19
16
13
12
11
9
9
5
5
1
1
0
1
0
0
1
1
1
0
1
0
0
0
0
0
0
0
0
0
0
0
0
0
0
0
0
0
0
0
