0
0
0
0
0
0
0
0
0
0
0
0
0
0
0
0
0
0
0
0
1
0
2
0
0
1
0
0
1
1
1
1
0
2
0
0
0
1
0
2
0
1
1
2
0
1
0
1
0
0
0
3
3
4
4
7
8
8
10
8
9
5
6
5
5
4
3
1
1
1
1
0
1
1
2
1
1
1
1
0
0
1
0
1
0
0
0
1
0
1
3
4
5
7
9
11
13
14
16
16
16
16
16
16
17
16
17
16
17
15
17
15
15
15
15
12
12
10
10
8
7
6
5
3
3
2
1
0
0
0
0
2
1
3
2
4
3
4
3
1
1
1
0
1
1
1
1
1
1
1
1
1
1
0
1
1
2
1
1
0
1
1
0
1
1
1
0
0
0
1
1
1
1
1
0
0
0
2
1
2
0
1
0
0
0
0
0
0
0
0
1
0
0
0
0
0
1
0
0
0
0
0
1
0
1
0
1
0
1
0
0
0
0
1
0
0
0
0
0
0
0
1
1
0
0
0
0
1
0
0
0
1
0
0
0
0
0
1
0
0
1
0
0
0
0
0
1
0
1
0
1
0
1
0
0
0
0
1
1
1
1
0
0
1
0
1
0
0
0
0
0
0
0
1
0
0
0
0
1
1
0
1
1
2
1
1
1
1
1
0
0
0
1
0
1
0
0
0
1
0
2
1
3
3
3
2
2
2
3
1
0
1
0
0
0
1
0
0
0
1
0
0
0
0
0
0
0
1
0
1
1
0
1
1
1
0
2
1
2
2
1
5
7
9
12
13
16
16
19
18
20
19
21
21
22
21
24
23
23
23
25
25
26
26
28
28
26
26
25
27
26
27
25
26
25
25
23
23
23
23
22
21
19
17
15
13
11
9
7
6
3
0
1
0
0
0
1
0
0
0
0
0
