0
0
0
0
0
0
0
0
0
0
0
0
0
0
0
0
0
0
2
1
1
1
2
1
1
1
0
1
1
1
1
1
1
2
0
2
0
2
0
2
0
2
1
2
1
2
1
1
1
1
1
4
5
7
7
8
10
10
12
10
10
9
9
7
8
4
5
3
3
0
2
1
0
0
0
1
1
0
1
1
0
1
0
1
0
1
0
1
0
1
3
5
6
8
10
12
14
16
18
18
18
18
18
18
18
18
18
17
18
17
18
17
18
17
16
16
15
15
15
13
12
11
10
9
7
6
5
4
2
1
2
3
2
4
3
4
3
5
5
5
3
1
1
1
1
0
1
0
1
0
1
1
1
0
1
1
2
1
2
0
1
1
1
1
1
1
1
1
0
0
1
1
1
1
0
2
1
2
0
0
0
1
0
2
0
1
1
1
1
1
0
1
1
1
0
0
1
0
1
0
0
0
0
0
0
0
0
0
0
0
0
1
0
0
0
1
0
0
1
0
1
0
0
1
0
0
0
1
0
0
0
0
1
0
1
0
0
0
0
0
0
0
0
0
0
1
0
0
0
0
1
0
1
0
1
0
1
1
0
0
0
0
0
1
0
0
0
0
0
1
0
0
0
1
0
0
0
0
0
1
0
1
1
1
1
1
0
0
0
0
1
0
0
1
1
0
1
0
1
0
1
0
1
0
1
1
1
1
2
2
1
0
0
1
0
1
1
0
0
1
0
1
0
0
0
1
0
1
1
1
1
1
0
1
1
0
0
0
1
1
1
2
2
2
5
3
7
7
9
8
10
11
13
14
16
18
21
21
23
23
25
25
27
27
27
29
27
30
28
30
28
30
29
32
31
33
33
34
34
34
33
32
32
32
32
33
31
30
28
25
24
22
20
18
15
11
10
7
5
3
3
3
