0
0
0
0
0
0
0
0
0
0
0
0
0
0
0
0
0
0
0
1
0
0
1
1
0
0
0
0
1
0
1
0
0
1
0
1
0
2
0
1
0
0
1
1
1
2
1
1
1
0
0
2
2
3
3
5
6
5
7
4
5
2
2
0
1
0
1
0
1
1
1
0
1
1
1
1
2
0
0
0
0
0
0
0
0
0
0
0
0
0
2
3
5
7
8
9
10
10
12
12
10
10
10
9
9
8
9
6
7
5
6
5
3
3
1
1
1
0
2
1
0
1
0
0
1
0
1
1
0
0
0
3
3
4
4
5
5
7
8
7
6
6
5
4
3
3
2
1
1
1
0
1
0
0
1
0
0
0
0
0
0
0
1
1
0
0
0
1
1
0
0
0
0
1
0
1
0
0
0
0
0
0
0
1
0
0
1
1
0
1
0
0
0
0
1
0
0
0
0
0
1
0
0
0
0
0
0
1
0
1
0
1
0
0
0
0
0
0
0
1
0
0
0
0
0
1
0
0
0
0
0
0
1
0
0
0
0
1
0
0
1
0
0
0
0
0
0
0
1
0
0
0
0
0
0
0
0
0
1
0
1
1
0
1
0
1
1
2
3
0
0
0
0
0
0
1
0
1
0
1
1
1
1
1
0
0
0
0
1
1
1
0
0
1
1
0
0
0
1
0
2
1
2
2
4
4
5
4
6
5
4
1
0
1
1
1
0
1
0
1
0
1
0
1
0
0
0
1
1
1
0
2
2
3
2
3
4
5
6
7
9
10
13
13
16
16
20
22
25
23
24
24
26
25
27
25
27
26
27
27
28
29
29
30
31
29
30
30
27
28
26
28
26
26
22
21
20
17
14
12
10
7
5
3
1
0
0
0
1
0
0
0
1
0
0
0
0
0
1
0
0
0
