0
0
0
0
0
0
0
0
0
0
0
0
0
0
0
0
0
0
0
0
1
0
2
1
1
1
1
0
1
0
0
1
1
1
0
0
0
1
0
2
0
1
1
2
1
1
1
0
1
1
0
2
2
4
4
5
6
5
7
5
5
3
3
0
1
0
1
0
2
1
1
0
0
1
0
0
0
0
0
0
0
0
0
0
0
0
0
0
0
0
1
3
3
4
5
7
9
9
10
9
8
7
7
7
6
5
6
5
3
3
4
1
1
1
1
1
1
1
1
0
0
1
1
1
1
1
1
1
0
1
1
4
4
6
7
9
9
11
12
11
10
9
7
6
4
2
1
0
0
0
1
0
0
0
1
0
1
0
1
0
0
1
0
1
0
0
0
0
0
0
0
0
0
0
0
0
0
0
0
0
0
0
0
1
0
0
1
2
0
2
0
0
1
0
1
1
0
0
0
0
1
0
0
0
1
0
1
0
1
1
0
1
0
0
0
1
0
1
0
0
0
1
1
0
0
1
0
1
0
0
0
0
0
0
0
0
0
1
0
1
0
0
0
0
1
1
1
0
0
0
0
0
1
0
0
0
0
1
1
0
1
2
0
1
0
1
0
0
1
1
1
0
0
0
0
1
0
1
1
1
1
1
0
1
0
0
0
0
0
0
1
1
0
0
1
0
1
0
1
0
2
2
4
3
5
6
6
6
7
6
5
2
1
1
0
1
2
2
0
1
0
2
1
2
0
2
0
2
0
2
2
3
2
3
1
1
1
2
3
4
5
6
8
7
9
9
12
11
13
11
11
10
10
10
9
9
5
1
0
1
0
0
0
1
0
1
0
1
0
1
0
1
0
0
0
0
0
0
0
0
0
0
0
0
0
0
0
0
0
0
0
0
0
0
0
0
0
0
0
0
0
0
