0
0
0
0
0
0
0
0
0
0
0
0
0
0
0
0
0
0
0
0
1
0
1
1
1
0
0
0
0
0
0
1
0
1
0
2
0
2
0
0
0
1
1
1
0
1
0
0
1
0
1
3
4
6
5
8
10
8
10
8
9
6
7
4
4
2
3
1
1
0
2
0
1
1
2
1
0
1
1
1
0
2
1
3
1
1
0
1
0
1
3
5
7
9
11
13
14
15
16
16
15
15
14
15
14
12
11
10
12
9
10
8
8
6
6
4
3
2
2
0
1
0
0
1
1
0
0
1
0
1
1
3
3
5
5
8
8
11
13
12
12
12
10
10
9
9
8
7
7
5
2
2
1
0
0
0
0
0
0
0
0
0
1
0
1
1
0
1
0
0
0
0
0
0
0
0
0
0
0
1
0
1
0
1
1
1
1
1
1
1
0
1
1
0
0
0
0
0
1
0
1
0
0
0
1
0
0
0
0
0
0
0
1
1
0
0
0
1
1
0
0
0
0
1
0
1
0
0
0
0
0
0
1
1
0
1
0
1
0
0
0
1
0
0
1
1
1
0
1
0
1
0
1
0
1
0
0
0
0
0
0
1
0
0
0
0
0
0
0
1
0
1
0
0
0
1
0
1
1
1
0
1
1
1
1
1
1
1
0
0
0
0
1
0
0
0
1
0
1
0
0
0
0
1
2
2
3
3
3
0
1
1
1
1
0
0
1
1
0
1
0
1
0
1
0
0
0
0
0
1
0
1
1
1
1
1
1
0
1
1
3
7
11
13
18
20
24
23
26
22
23
22
22
20
21
22
24
22
24
24
24
25
27
27
29
28
28
30
30
32
31
33
33
34
33
33
33
34
34
36
34
32
30
29
26
25
21
18
17
14
11
9
8
5
4
2
1
0
0
0
0
0
