0
0
0
0
0
0
0
0
0
0
0
0
0
0
0
0
0
0
0
0
2
1
2
1
1
1
1
1
1
1
0
1
1
2
0
2
0
2
0
2
0
2
1
2
1
2
1
1
1
1
2
3
5
6
6
7
8
8
10
8
8
7
7
4
4
2
1
0
2
0
1
0
2
2
2
1
1
0
0
0
0
3
2
1
0
1
0
1
0
1
3
3
5
6
8
9
11
13
15
15
15
15
15
16
16
15
16
15
16
15
16
15
16
16
15
14
14
13
12
10
10
9
8
8
6
6
5
4
1
1
0
2
1
3
3
4
4
5
4
3
1
1
1
0
1
0
1
0
1
0
1
1
1
0
2
1
2
1
1
1
1
1
1
1
1
1
1
1
1
1
1
1
2
3
2
3
1
1
1
0
0
1
0
1
0
1
0
1
0
1
1
0
1
0
0
0
1
1
0
0
1
0
0
0
0
0
0
1
0
1
0
0
0
0
0
0
0
0
0
0
0
0
1
0
0
1
0
1
0
1
0
1
1
0
1
1
1
1
0
1
0
0
0
0
1
0
1
0
0
0
1
0
0
0
0
0
1
0
0
1
1
0
0
1
1
1
0
0
0
0
1
0
0
0
0
1
0
0
0
1
0
1
0
1
1
0
1
0
1
1
1
0
1
0
1
0
0
0
0
0
3
4
7
8
9
10
12
11
13
12
10
10
11
8
9
8
10
9
8
10
10
13
12
15
14
17
18
19
19
20
20
22
21
22
22
24
25
26
24
26
27
29
31
32
35
34
38
37
40
37
37
34
33
28
25
21
18
14
11
8
7
3
1
1
1
0
0
1
0
1
0
0
0
0
0
1
1
0
1
0
0
0
0
0
0
0
0
0
0
0
0
0
0
0
0
0
0
0
0
0
0
0
