0
0
0
0
0
0
0
0
0
0
0
0
0
0
0
0
0
0
0
0
1
0
2
1
1
1
0
1
0
1
1
1
1
2
0
0
0
2
0
1
0
2
0
1
1
1
0
0
0
1
1
3
4
6
5
6
8
7
10
8
9
6
7
4
4
2
2
0
1
0
1
1
1
1
2
1
1
0
1
1
1
1
0
0
0
0
0
1
0
1
3
4
4
5
7
9
11
13
15
15
15
15
15
16
16
15
16
15
15
14
14
13
14
13
13
12
11
10
10
8
7
6
5
4
2
1
0
1
0
0
1
3
3
4
2
4
3
4
3
2
1
0
1
1
1
0
1
1
1
1
1
1
1
0
2
1
1
0
1
0
1
1
1
1
0
0
0
1
0
1
0
1
1
2
1
0
0
1
0
1
0
1
0
1
0
1
1
1
0
0
0
0
0
0
1
0
0
1
0
0
0
0
0
0
1
0
1
0
0
0
1
1
0
1
0
0
0
1
0
0
0
1
1
1
0
1
0
1
0
0
0
1
0
1
1
1
1
1
0
0
0
1
0
0
0
0
0
0
1
0
1
0
0
0
1
0
0
0
0
1
1
0
0
1
1
1
0
1
0
0
0
0
0
0
0
1
0
1
0
0
1
1
0
1
1
1
1
1
1
1
1
1
1
0
0
0
0
0
1
0
1
0
1
0
1
1
2
2
2
1
0
1
1
1
1
0
0
0
0
1
0
0
0
0
0
1
0
1
1
1
0
0
1
1
0
0
0
0
1
0
0
2
3
1
3
1
5
2
4
0
1
0
2
0
0
1
1
0
0
1
2
2
3
2
4
5
5
8
8
10
9
12
10
12
10
11
9
9
8
8
5
6
3
1
0
0
1
0
0
0
1
0
1
0
1
0
1
0
0
0
0
0
