0
0
0
0
0
0
0
0
0
0
0
0
0
0
0
0
0
0
0
1
2
1
2
1
1
1
1
1
1
1
1
1
1
2
0
2
0
2
0
2
0
2
1
2
1
1
0
1
1
1
1
4
5
6
7
8
10
9
12
9
9
8
9
6
7
5
5
3
2
0
1
1
0
1
0
0
0
1
0
0
0
0
0
0
0
1
0
1
0
1
3
5
7
9
10
11
13
15
17
17
17
17
17
17
18
17
17
16
16
15
16
14
15
14
14
12
12
11
11
9
8
7
6
6
4
4
3
2
0
0
0
0
0
2
2
4
5
6
6
5
3
2
1
1
1
0
1
0
1
1
1
1
1
0
2
0
1
0
1
0
1
1
1
1
1
0
0
1
0
0
1
1
1
1
0
1
1
2
1
3
2
2
0
1
0
0
0
1
0
1
0
0
0
1
0
0
1
1
1
0
1
0
1
0
0
0
0
0
1
0
0
1
0
1
0
1
0
0
0
0
0
0
0
1
0
0
0
0
0
1
0
1
1
0
0
0
0
1
0
0
1
0
1
1
0
1
0
0
0
0
1
0
0
0
0
0
1
0
0
0
0
0
0
0
0
0
1
0
0
0
0
1
0
1
0
0
0
0
0
0
1
1
1
1
0
0
1
0
1
1
1
1
1
1
1
0
0
0
1
0
3
4
6
6
8
8
10
10
12
9
7
6
7
6
7
7
6
7
9
12
11
13
12
14
14
16
15
16
17
19
19
21
22
23
23
25
26
28
27
27
27
31
34
32
35
34
38
37
39
38
40
38
38
36
34
29
26
21
18
16
11
10
8
5
2
0
0
0
0
1
0
0
0
0
0
0
0
0
0
0
0
0
0
0
0
0
0
0
0
0
0
0
0
0
0
0
0
0
0
0
0
0
