0
0
0
0
0
0
0
0
0
0
0
0
0
0
0
0
0
0
1
0
0
1
2
1
1
0
1
1
1
0
0
1
0
2
0
2
0
2
0
1
0
2
1
2
1
2
0
1
1
0
1
3
4
5
6
8
9
9
11
9
9
6
7
5
6
4
4
1
1
0
2
0
0
0
0
1
2
0
1
1
0
3
2
2
1
1
0
1
0
1
3
4
4
5
7
8
9
11
13
13
13
13
13
14
14
13
14
13
14
13
15
14
14
14
13
12
12
11
11
8
7
6
5
4
4
3
3
1
0
1
0
2
1
3
3
5
5
7
5
4
3
1
1
1
1
1
1
1
1
1
1
1
1
0
1
0
1
0
1
1
1
1
1
1
1
1
0
1
0
0
1
1
0
1
2
2
1
2
0
0
0
1
0
0
0
1
1
1
1
1
1
0
0
1
1
0
1
0
0
0
1
0
0
0
0
0
1
0
0
0
1
0
0
0
0
0
0
0
0
0
0
1
0
1
0
0
0
1
0
1
0
0
0
1
0
0
0
1
1
0
0
0
1
0
0
0
1
0
1
0
1
0
0
0
1
0
0
0
0
0
1
1
0
1
1
0
0
0
0
0
0
1
0
0
0
0
0
1
0
0
0
1
0
1
0
0
1
0
0
0
1
0
0
1
1
0
0
0
1
0
2
2
5
5
8
9
10
11
11
11
9
10
11
10
12
12
12
11
9
12
9
11
11
15
14
16
16
18
17
19
19
20
20
22
21
24
24
24
24
26
27
28
30
30
34
34
37
37
39
37
38
34
33
31
28
25
24
20
18
14
10
6
4
3
0
0
0
0
0
0
0
1
0
1
0
0
1
0
1
0
0
0
0
0
0
0
0
0
0
0
0
0
0
0
0
0
0
0
0
0
0
0
