0
0
0
0
0
0
0
0
0
0
0
0
0
0
0
0
0
0
0
0
2
1
2
1
1
1
0
1
1
1
0
1
0
1
0
0
0
2
0
2
0
2
1
2
0
2
0
1
0
0
1
3
3
4
5
6
7
8
10
8
10
7
7
5
4
2
2
0
0
1
1
1
1
0
0
0
0
0
3
2
3
5
4
5
4
5
3
3
1
1
1
2
3
5
6
8
10
12
14
14
14
14
14
15
15
14
15
14
15
14
15
13
14
13
12
12
12
12
12
10
10
7
5
5
5
4
3
1
0
0
0
2
0
3
3
3
2
3
3
1
1
1
0
0
1
1
1
1
1
1
1
1
1
0
1
0
1
0
1
0
1
1
1
1
0
1
0
1
1
1
1
1
2
2
2
2
0
2
0
2
0
2
1
1
0
0
1
1
1
0
0
0
0
0
0
0
1
0
1
0
1
0
1
0
0
0
1
0
1
0
0
1
1
1
0
0
0
0
0
0
0
1
0
0
0
1
0
0
0
0
0
1
0
0
1
0
0
0
0
0
0
0
1
0
1
1
0
0
0
0
0
0
1
0
1
0
0
0
0
0
0
0
0
1
0
0
1
1
0
0
0
0
0
0
0
0
0
1
0
0
1
1
1
1
1
0
0
0
1
0
1
0
0
1
1
0
0
0
1
0
3
4
5
6
8
8
10
10
11
9
9
7
8
7
8
8
7
8
8
11
11
13
10
13
13
14
14
14
14
16
17
21
21
23
22
24
25
25
24
23
25
28
29
29
31
31
34
34
36
34
33
31
30
28
26
22
22
19
15
13
9
6
2
0
0
0
0
0
0
1
0
0
0
1
0
0
0
1
0
1
0
0
0
0
0
0
0
0
0
0
0
0
0
0
0
0
0
0
0
0
0
0
