0
0
0
0
0
0
0
0
0
0
0
0
0
0
0
0
0
0
0
0
1
1
2
0
1
1
1
0
1
1
1
1
0
1
0
1
0
2
0
2
0
1
1
2
0
2
1
0
0
1
1
4
5
6
7
8
11
10
12
10
11
9
9
8
8
6
6
4
4
1
1
0
1
0
1
1
1
1
1
1
0
1
0
0
0
1
0
0
0
1
3
5
6
7
9
11
13
15
16
16
16
16
16
17
17
16
16
14
14
14
14
13
13
12
12
10
9
8
7
5
5
2
2
1
0
1
1
1
0
1
2
2
2
3
3
4
4
6
6
6
6
5
5
4
4
4
4
4
4
4
4
3
3
1
1
0
0
0
1
0
1
1
0
1
0
1
0
1
0
0
1
1
0
0
0
1
0
2
0
0
0
0
0
0
0
0
1
0
0
1
0
1
0
0
1
0
0
1
1
0
0
0
0
0
0
0
1
0
1
1
0
0
1
0
0
0
1
0
0
0
0
0
1
0
0
2
0
1
0
0
0
0
0
0
0
1
0
0
1
1
0
0
0
0
0
0
0
0
1
0
0
0
0
0
0
0
0
0
0
0
0
1
1
0
1
1
0
1
1
1
0
0
0
1
0
0
0
0
0
1
1
1
1
0
1
1
0
1
1
1
1
1
0
0
0
0
1
0
1
0
2
1
3
3
4
5
6
7
8
5
4
4
3
2
3
4
4
4
3
4
4
7
6
8
6
9
7
10
10
11
12
16
16
16
16
17
17
18
18
17
19
22
24
26
28
30
34
34
35
33
34
31
31
27
26
24
25
22
21
19
19
18
19
18
17
16
13
11
7
6
1
1
0
1
0
0
0
0
1
1
1
0
0
0
1
0
1
0
0
0
0
0
0
0
0
0
0
0
0
0
0
0
