0
0
0
0
0
0
0
0
0
0
0
0
0
0
0
0
0
0
1
0
1
0
1
0
0
0
1
0
1
0
0
0
1
1
0
1
0
2
0
0
0
1
0
2
0
1
1
0
1
0
0
2
2
4
4
5
6
5
7
5
5
3
3
0
1
0
0
1
0
0
1
0
0
0
1
0
0
0
0
0
0
2
0
0
0
1
0
0
0
0
2
4
5
7
8
8
9
11
13
12
11
10
11
10
9
8
8
7
7
6
6
4
3
2
2
0
0
0
2
0
1
1
0
1
1
1
1
1
0
1
2
3
3
5
5
7
7
8
10
9
8
9
8
7
7
6
5
4
3
2
1
1
1
0
1
0
1
0
1
0
0
0
1
0
0
0
0
0
0
0
1
1
0
1
0
1
0
0
0
0
0
0
0
1
0
0
2
1
0
1
1
1
1
0
1
1
0
0
0
0
1
0
1
0
0
0
1
0
1
1
0
0
1
0
0
0
0
1
0
0
0
0
0
0
0
2
0
0
0
1
0
0
0
0
0
0
0
0
0
0
0
0
0
0
0
0
0
0
1
0
0
0
0
0
0
0
0
1
0
1
1
0
0
1
1
1
1
1
2
0
1
0
0
0
0
1
0
1
1
1
1
1
0
1
0
0
1
1
1
1
1
1
1
0
0
0
1
0
1
0
2
0
2
0
3
4
4
4
4
4
3
2
2
1
0
1
0
1
0
1
0
1
0
0
0
0
0
0
1
2
1
2
2
0
1
1
3
2
1
3
5
7
9
9
13
13
17
17
19
18
20
20
21
20
20
19
22
21
21
20
20
18
19
18
16
14
11
10
9
11
8
8
6
4
1
1
0
0
0
1
1
0
0
1
1
0
0
0
1
0
1
0
1
0
0
0
0
0
0
0
0
0
