0
0
0
0
0
0
0
0
0
0
0
0
0
0
0
0
0
0
0
0
2
1
2
0
1
1
1
0
1
1
1
0
1
2
0
1
0
2
0
1
0
2
0
1
1
2
0
1
1
1
2
3
6
7
6
7
8
8
11
8
8
7
7
5
6
3
4
1
2
0
1
0
1
1
1
1
0
0
1
0
0
2
0
1
0
1
0
1
0
1
3
5
7
9
10
12
14
16
18
18
18
18
18
18
19
18
19
18
19
17
17
17
18
17
17
16
15
15
14
13
11
11
8
7
6
5
4
4
0
1
0
3
2
4
4
6
6
7
8
6
5
3
2
0
1
0
0
1
1
1
1
1
1
0
1
1
2
0
1
1
1
1
1
1
1
1
1
1
1
0
1
1
1
1
1
3
1
1
1
0
0
0
0
1
0
0
1
1
1
1
1
0
0
0
0
0
1
1
1
0
1
0
1
0
0
0
0
0
1
0
1
0
0
1
1
0
1
0
1
0
0
1
1
1
0
0
0
1
1
0
0
1
0
0
1
0
0
1
0
0
1
0
0
0
1
0
1
0
0
0
0
0
0
0
0
0
1
0
0
1
1
0
0
0
0
1
0
1
0
0
0
1
0
0
0
1
0
0
0
1
1
1
1
1
1
0
0
0
1
0
1
0
0
0
0
0
1
0
0
0
1
0
1
0
1
0
0
0
1
1
0
1
1
1
1
0
0
1
0
0
0
1
0
1
0
0
0
1
1
1
1
1
1
1
1
1
0
1
1
0
2
3
3
3
5
5
7
7
8
6
8
7
9
9
11
11
13
13
14
15
17
17
20
22
24
27
25
28
28
31
31
32
32
33
32
32
31
32
30
31
31
32
34
37
38
39
38
38
38
37
36
32
31
26
23
21
19
15
14
11
11
11
