0
0
0
0
0
0
0
0
0
0
0
0
0
0
0
0
0
0
1
1
2
1
1
1
1
1
1
1
1
1
1
1
1
2
0
2
0
2
0
2
0
2
1
2
1
2
1
1
1
1
2
3
5
7
7
7
8
8
11
8
8
7
8
5
6
4
4
1
1
0
1
0
1
1
1
0
3
2
3
1
0
2
1
0
0
1
0
1
0
1
1
3
5
7
8
10
11
13
15
15
15
15
15
15
16
15
16
15
15
14
15
15
16
15
15
14
14
13
14
12
11
10
9
8
8
6
6
6
2
3
3
4
3
6
5
7
6
7
8
7
4
4
1
1
1
0
1
0
1
1
1
0
1
0
1
1
1
0
1
0
1
1
1
1
1
1
1
1
1
1
2
4
3
4
4
4
3
4
2
3
1
2
1
0
0
0
0
0
1
0
0
0
1
1
1
0
0
0
1
0
0
0
0
0
0
0
0
0
1
0
0
0
0
0
0
0
0
0
1
0
0
1
1
0
0
1
0
0
0
0
0
0
1
0
1
1
0
2
1
0
1
1
0
0
0
1
1
0
1
0
0
0
0
0
0
0
0
1
0
1
1
0
0
1
1
0
0
0
0
1
0
1
0
0
0
0
0
1
0
1
1
1
1
1
1
0
0
1
1
0
1
0
1
1
1
0
1
0
1
0
3
2
4
4
6
6
8
9
9
9
8
6
5
4
3
4
5
7
8
10
10
11
11
13
13
15
15
19
19
20
21
23
23
24
24
23
23
23
23
23
24
26
28
29
33
33
37
37
38
36
37
34
35
32
30
28
26
22
18
15
13
12
9
5
3
0
0
0
0
0
0
0
0
1
0
0
0
1
1
1
0
0
0
0
0
0
0
0
0
0
0
0
0
0
0
0
0
0
0
0
0
0
