0
0
0
0
0
0
0
0
0
0
0
0
0
0
0
0
0
0
0
0
1
0
2
0
0
0
1
1
0
0
1
1
1
1
0
2
0
1
0
2
0
2
0
2
0
2
1
1
1
0
1
3
4
5
5
7
9
8
11
8
10
7
6
4
4
1
1
0
1
0
1
1
1
0
0
0
3
4
4
3
4
5
3
5
4
3
1
1
0
1
2
3
4
6
8
10
12
14
16
16
15
15
15
14
14
12
12
10
11
10
11
10
10
9
9
7
6
5
6
4
2
2
1
1
1
1
0
1
0
1
1
2
1
3
3
4
5
8
8
8
8
9
8
7
7
7
7
7
6
6
5
6
5
4
3
0
1
0
0
0
0
1
0
1
0
1
0
1
0
0
0
0
0
1
1
0
0
1
0
1
0
0
0
0
1
1
0
2
1
1
1
1
0
1
1
0
1
0
1
0
1
0
1
0
0
0
1
0
0
0
0
0
0
1
0
0
0
0
1
1
0
1
1
1
0
0
0
0
0
1
0
0
0
0
0
0
0
0
0
0
0
0
0
0
0
1
0
0
0
0
1
0
1
0
1
0
0
0
0
1
1
0
0
1
1
1
0
0
0
1
0
0
0
1
0
1
0
0
1
1
1
1
1
1
1
1
1
0
1
0
1
0
0
0
1
0
1
0
1
0
1
0
1
0
2
2
3
4
5
3
2
0
1
1
1
2
1
1
0
1
1
2
0
2
1
3
1
4
2
2
1
2
1
1
1
1
1
3
3
4
8
10
12
12
15
15
18
18
20
19
19
19
19
17
16
14
14
12
10
6
3
3
0
0
0
1
0
0
0
0
0
1
0
1
0
1
0
0
1
1
1
1
1
1
1
0
0
0
0
0
0
0
0
0
0
0
0
0
0
0
0
0
