0
0
0
0
0
0
0
0
0
0
0
0
0
0
0
0
0
0
0
0
1
0
0
0
0
1
0
0
0
0
0
0
0
1
0
0
0
0
0
2
0
2
0
1
1
1
0
0
0
0
1
3
4
5
6
8
9
9
11
9
10
6
8
4
5
3
4
1
1
0
1
0
0
1
1
0
2
1
1
1
0
0
0
2
1
1
0
1
0
0
2
3
5
6
8
8
9
9
10
10
9
8
7
6
6
4
4
2
3
2
2
0
0
1
1
1
0
1
2
1
0
1
0
0
1
1
1
1
0
1
1
4
4
6
7
9
9
12
12
11
10
8
7
6
4
3
1
0
0
0
0
0
1
0
0
0
0
0
0
0
1
0
0
1
0
0
0
0
0
1
0
0
0
0
0
1
0
0
0
0
0
1
0
0
1
1
1
2
0
1
1
0
1
0
1
1
1
0
0
0
0
0
0
0
0
0
0
0
1
0
0
0
1
1
0
1
0
0
0
1
0
0
0
1
0
0
0
1
0
0
0
0
0
0
0
1
0
1
0
0
0
0
0
0
1
1
1
0
1
0
1
0
1
0
1
0
1
1
1
0
1
0
1
1
0
1
0
1
0
1
1
1
0
1
0
1
0
1
1
1
1
0
0
0
1
0
1
0
1
0
1
0
1
0
1
0
1
0
1
0
3
4
7
6
8
9
10
11
12
10
9
7
8
7
8
7
8
7
6
7
5
6
4
5
3
5
3
4
2
4
2
3
2
2
2
4
4
5
6
5
5
8
11
10
12
11
14
12
15
13
11
8
6
3
0
1
2
1
1
1
1
0
1
1
0
0
0
1
0
1
0
1
0
1
0
1
0
1
0
0
0
0
0
0
0
0
0
0
0
0
0
0
0
0
0
0
0
0
0
0
0
0
