0
0
0
0
0
0
0
0
0
0
0
0
0
0
0
0
0
0
0
1
2
1
2
0
1
1
1
1
1
1
1
1
1
2
0
2
0
2
0
2
0
2
1
2
1
2
1
1
1
1
1
4
5
6
7
8
9
9
12
10
10
8
9
7
7
5
5
2
2
0
1
1
0
1
0
1
1
1
0
0
0
0
0
2
0
1
0
1
0
1
3
4
6
7
8
10
12
14
16
16
16
16
16
16
17
16
17
16
17
16
17
17
18
17
17
16
16
15
16
14
13
11
10
9
8
7
7
5
4
3
4
5
4
5
6
8
7
9
9
8
6
4
3
1
1
1
1
1
0
1
0
1
1
0
1
1
2
1
2
1
1
1
1
1
1
1
1
1
1
1
1
1
1
1
2
1
1
1
0
1
0
0
0
0
0
1
1
1
0
1
1
0
1
0
0
0
0
0
0
0
0
0
0
0
1
0
0
0
0
0
0
0
0
0
0
1
0
0
0
1
0
0
0
0
0
0
0
1
0
0
0
0
0
0
0
0
1
0
1
0
0
0
0
0
0
0
0
0
0
0
0
0
0
0
0
0
1
0
1
1
0
1
0
1
0
0
0
0
0
1
0
0
0
0
0
0
0
0
0
0
0
1
1
1
1
0
1
1
1
1
1
0
0
1
1
0
0
0
0
0
2
0
1
0
1
0
0
1
2
1
0
0
1
0
0
1
1
1
0
0
0
0
0
1
0
1
0
1
1
1
1
1
0
1
0
1
1
1
1
1
1
3
4
3
6
5
9
8
10
10
10
8
8
9
12
11
14
14
16
18
18
20
23
24
27
29
29
31
30
31
30
32
33
34
32
34
32
32
31
31
29
29
30
31
30
31
31
32
30
28
25
21
18
14
13
10
8
4
3
0
0
0
