0
0
0
0
0
0
0
0
0
0
0
0
0
0
0
0
0
0
0
0
2
1
2
0
1
1
0
0
1
1
0
1
1
1
0
2
0
2
0
2
0
2
0
2
1
1
1
0
1
1
1
4
5
6
7
8
10
9
12
9
9
8
9
6
6
4
5
1
2
1
1
0
0
0
1
1
1
1
1
0
0
2
0
2
0
0
0
1
0
1
3
5
7
9
11
13
15
17
19
19
19
19
18
19
19
18
18
17
18
18
18
17
18
17
16
16
16
16
16
14
13
12
11
10
9
9
8
8
5
5
5
7
7
8
8
10
10
11
13
11
9
7
6
4
3
3
2
1
0
0
1
1
1
0
1
1
1
0
1
0
1
1
1
1
1
1
1
0
0
1
1
1
2
2
1
1
0
0
0
1
0
1
0
0
0
0
1
1
1
1
1
0
1
0
1
0
0
1
1
0
0
0
0
0
1
0
0
0
0
1
0
1
1
0
0
0
0
1
0
1
1
1
1
0
0
0
0
0
0
1
0
0
0
1
0
0
0
1
0
0
0
0
0
0
0
0
0
0
1
0
0
0
0
0
1
0
0
1
0
0
1
1
0
1
0
1
1
1
0
1
0
0
0
0
0
0
0
1
0
1
0
1
0
2
1
0
0
1
1
1
1
1
1
1
1
0
1
0
1
0
2
0
1
0
2
1
2
1
0
1
1
0
0
0
0
1
0
1
0
0
0
1
0
0
0
0
1
0
0
1
0
1
0
1
1
0
1
1
1
0
2
2
5
4
7
5
7
6
8
6
4
3
4
2
1
1
1
0
0
1
1
0
2
1
3
4
4
6
5
8
8
10
10
11
11
13
12
13
12
13
10
7
4
4
4
3
0
1
0
0
0
0
0
0
0
0
0
0
0
0
0
0
