0
0
0
0
0
0
0
0
0
0
0
0
0
0
0
0
0
0
0
0
1
1
2
0
0
0
1
1
1
1
1
1
0
2
0
2
0
2
0
2
0
2
1
2
1
2
1
0
1
1
1
2
3
4
4
5
6
6
7
5
5
3
3
0
1
1
1
1
3
1
2
2
0
1
0
1
2
4
7
7
6
7
4
5
4
4
3
4
2
3
5
7
9
11
13
15
17
19
21
19
19
18
19
18
18
16
16
16
16
15
15
14
15
15
14
13
12
11
12
10
7
6
5
2
0
1
0
1
0
1
0
2
0
2
1
3
3
5
6
6
3
3
3
3
2
1
1
1
1
1
1
2
2
0
1
0
1
0
0
0
0
1
0
0
0
1
0
0
0
0
0
1
0
0
0
2
0
1
0
1
0
0
0
0
0
1
0
1
0
1
0
0
1
0
1
0
0
0
0
0
1
0
0
0
1
0
1
0
1
0
0
0
0
1
0
0
1
0
0
1
0
1
1
0
0
0
0
1
0
0
0
0
0
1
1
0
1
2
0
0
0
0
0
0
0
1
0
0
0
0
0
0
1
0
1
0
0
0
0
0
0
0
0
1
0
0
0
0
0
1
0
1
0
1
0
1
0
1
0
0
1
1
1
1
1
1
1
1
1
0
0
0
1
0
1
0
1
0
1
0
0
0
1
1
2
2
4
4
4
2
1
1
1
1
0
1
0
0
0
1
0
0
0
0
0
0
0
0
1
0
0
0
1
1
1
1
1
1
1
1
3
6
7
9
12
14
17
17
20
18
21
19
20
20
21
20
21
22
22
21
23
22
24
24
25
24
23
25
25
26
25
27
26
28
28
29
29
30
29
31
31
32
31
30
29
27
25
21
18
15
11
7
6
2
1
0
0
0
0
1
1
1
