0
0
0
0
0
0
0
0
0
0
0
0
0
0
0
0
0
0
0
0
0
1
2
0
0
0
0
1
0
1
0
1
0
2
0
1
0
2
0
1
0
1
0
1
1
2
1
0
0
0
0
0
1
3
4
5
6
5
7
5
7
4
4
2
2
1
0
0
1
0
2
0
1
0
0
0
0
0
0
0
0
0
0
0
0
1
0
1
0
1
3
4
6
7
7
8
8
10
11
10
10
10
9
9
8
8
9
6
7
5
5
3
4
1
1
1
1
0
1
1
1
1
0
1
0
1
0
1
0
0
0
3
4
5
3
4
5
8
9
8
7
7
7
7
6
5
4
4
2
1
0
0
0
0
1
0
1
0
1
0
0
1
0
0
0
1
0
0
0
0
0
0
0
1
0
0
0
1
0
1
0
0
0
0
0
1
1
1
0
1
0
0
0
0
1
0
0
1
0
0
0
0
0
0
0
0
1
0
0
0
0
1
0
0
0
1
0
0
1
1
0
1
1
0
0
0
0
0
0
1
0
1
0
0
0
0
0
1
0
0
0
0
0
0
1
0
0
0
0
0
0
0
0
0
0
0
0
1
0
1
3
3
3
1
1
0
0
1
0
0
0
1
0
1
0
1
0
1
0
1
1
1
1
1
1
0
0
1
0
0
1
0
1
0
0
0
0
0
1
0
3
1
3
2
4
3
4
3
5
3
3
3
4
4
4
2
3
3
2
5
2
3
3
4
3
2
0
1
0
1
2
4
3
5
5
5
5
5
6
5
8
10
12
12
15
15
17
16
19
15
14
11
10
9
7
2
1
1
0
1
1
0
0
1
0
1
0
1
0
0
0
0
0
0
0
0
1
0
0
0
0
0
0
0
0
0
0
0
0
0
0
0
0
0
0
0
0
0
0
0
0
0
