0
0
0
0
0
0
0
0
0
0
0
0
0
0
0
0
0
0
0
0
2
1
2
1
1
1
1
1
1
1
1
1
0
2
0
2
0
2
0
2
0
2
1
2
1
2
0
1
1
1
2
3
6
7
6
7
7
8
10
9
8
7
8
5
5
2
3
1
1
1
2
0
0
0
0
1
1
0
0
0
1
1
0
0
0
0
0
1
0
1
3
5
6
8
10
12
14
16
18
18
18
18
18
18
19
18
19
18
19
18
19
18
19
18
18
18
17
16
16
13
13
11
11
11
9
8
8
7
5
4
3
6
5
7
7
9
8
9
10
8
6
5
3
1
0
1
1
1
1
0
1
1
1
0
1
1
2
0
1
1
1
1
1
1
1
1
1
1
1
1
2
2
1
2
1
2
0
2
1
3
0
1
0
0
0
0
1
1
0
0
0
0
1
0
0
0
0
0
0
0
1
0
1
0
0
0
1
1
0
0
0
0
1
0
1
1
0
0
0
0
1
0
0
1
0
1
0
1
0
1
0
0
0
1
1
1
0
0
1
0
0
0
1
0
1
0
0
0
1
0
0
0
0
0
0
0
0
1
1
1
0
0
0
0
0
1
0
1
0
0
0
0
0
0
0
0
0
0
0
0
0
1
1
1
1
1
1
0
0
1
1
0
0
0
0
0
0
0
0
0
1
0
1
0
1
1
1
2
4
2
0
0
0
1
1
1
0
1
0
1
0
1
0
0
0
1
0
1
1
0
1
1
0
0
0
1
1
1
1
1
0
2
2
2
5
6
9
10
11
9
10
8
10
9
11
12
15
15
17
18
20
21
24
25
27
28
25
28
27
29
27
30
28
30
30
32
32
32
32
33
30
30
28
28
26
27
24
23
21
17
13
9
6
3
1
0
0
0
0
0
0
0
