0
0
0
0
0
0
0
0
0
0
0
0
0
0
0
0
0
0
0
0
2
0
2
1
0
1
1
1
1
0
1
0
0
1
0
1
0
0
0
2
0
1
0
1
0
0
0
1
0
0
1
3
4
6
5
7
8
7
9
6
8
4
5
3
3
1
0
0
0
0
1
0
1
1
1
1
1
1
1
1
0
1
0
0
0
1
0
0
0
0
0
0
0
0
1
2
3
5
7
5
3
3
2
2
1
0
1
0
0
0
1
0
1
1
0
0
0
1
0
1
0
0
1
0
0
0
0
0
0
1
0
1
0
1
0
1
0
1
1
0
1
0
1
1
0
0
0
0
0
0
0
0
1
0
0
0
0
0
0
0
1
0
0
0
0
0
0
0
0
1
0
1
0
1
0
1
0
1
0
1
0
1
0
1
0
1
2
4
1
1
0
1
0
1
1
0
1
1
0
0
1
0
1
0
1
0
1
0
0
0
0
0
0
1
0
0
0
0
0
0
0
1
0
2
0
0
0
3
4
4
2
3
3
1
0
1
0
1
0
1
1
0
0
0
0
0
0
0
0
0
0
0
0
0
0
0
0
1
0
0
1
1
0
1
1
1
1
0
2
1
1
1
0
0
0
0
0
1
0
1
0
0
1
0
1
1
0
0
0
0
0
0
1
0
1
0
1
0
1
0
4
2
5
4
5
6
9
8
9
8
7
6
6
3
0
0
1
0
1
4
5
7
5
6
6
8
7
9
8
11
10
11
10
12
11
12
12
12
12
12
14
16
18
17
17
15
16
13
12
7
4
1
1
0
1
0
0
0
0
0
0
0
0
1
0
0
0
0
0
0
0
0
0
0
0
0
0
0
0
0
0
0
0
0
0
0
0
0
0
0
0
0
0
0
0
0
0
0
0
0
0
0
