0
0
0
0
0
0
0
0
0
0
0
0
0
0
0
0
0
0
0
1
2
1
1
1
1
1
0
1
1
0
1
1
1
1
0
2
0
2
0
2
0
2
1
2
1
2
1
1
1
1
1
3
3
5
6
8
9
7
9
7
8
7
7
6
6
4
4
2
3
0
1
0
2
1
1
1
1
0
1
0
0
1
0
1
0
0
0
1
0
1
3
5
7
9
11
13
15
17
19
19
19
19
19
19
20
19
20
19
20
18
20
19
19
18
18
17
16
15
15
13
13
11
11
10
8
8
6
4
2
1
0
1
1
3
1
3
2
3
4
3
2
1
1
0
0
1
1
1
1
1
1
0
1
0
2
1
2
1
1
0
1
0
1
1
1
0
0
0
0
0
2
1
1
1
1
0
0
1
0
0
0
1
0
1
0
1
0
0
0
0
1
0
1
0
0
0
0
0
1
0
0
0
0
0
0
0
1
0
1
0
0
1
0
0
0
0
1
0
0
0
0
2
0
0
0
1
0
0
0
1
0
0
1
1
0
1
1
0
0
0
0
0
1
1
0
1
1
0
1
0
0
0
0
0
1
0
0
1
1
0
0
1
0
0
0
1
0
1
0
0
0
0
0
0
0
0
0
1
0
0
0
1
0
1
0
0
0
0
1
0
1
0
1
1
1
0
1
0
1
0
1
0
0
0
1
0
1
0
2
0
1
0
0
1
0
0
0
1
0
1
0
0
0
1
0
0
1
0
1
1
1
1
0
1
1
0
1
0
0
0
2
3
3
3
5
7
9
8
13
11
11
9
10
8
9
8
10
11
13
13
15
16
19
20
23
26
27
30
30
34
34
37
38
40
38
39
37
38
35
36
35
34
32
32
30
29
26
25
22
20
17
14
13
8
7
4
2
0
1
1
1
1
