0
0
0
0
0
0
0
0
0
0
0
0
0
0
0
0
0
0
1
1
2
1
2
1
1
1
1
1
1
1
1
1
1
2
0
2
0
2
0
2
0
2
1
2
1
2
1
1
1
1
1
4
5
7
7
8
10
10
12
10
11
10
9
8
8
5
6
4
4
1
1
0
1
0
0
0
2
1
0
0
0
0
0
0
0
0
0
1
0
1
3
5
6
8
10
12
14
16
18
18
18
18
18
18
18
18
19
18
19
17
18
17
17
18
18
17
16
16
15
12
11
11
10
9
8
7
7
5
4
4
3
4
4
6
6
7
7
9
8
7
5
4
2
0
1
0
1
1
1
1
1
1
1
0
1
1
2
0
1
1
1
1
1
1
1
0
0
0
0
0
1
0
0
2
1
1
0
1
2
3
0
0
0
1
0
1
1
0
1
1
0
1
1
0
0
1
0
0
1
0
1
0
0
0
1
0
0
0
0
0
1
1
0
0
0
0
0
0
0
0
1
0
0
0
0
0
0
1
0
0
0
0
0
0
1
0
0
1
0
0
1
1
0
0
1
0
0
0
1
0
0
0
0
0
1
0
1
1
0
1
1
1
1
0
0
0
0
0
1
0
0
0
0
1
0
0
0
1
0
0
0
1
0
1
0
0
1
1
1
0
0
0
1
0
0
0
1
0
1
0
2
3
3
3
4
4
5
6
6
4
2
1
0
0
1
1
0
0
0
1
0
1
0
0
0
1
0
0
0
1
1
1
1
1
1
1
0
1
1
1
2
3
3
4
6
7
11
10
14
11
14
13
14
13
15
15
16
16
18
18
19
19
21
21
23
24
23
26
25
28
28
29
28
31
30
33
33
34
34
35
34
36
36
36
36
37
36
35
33
30
29
25
23
20
20
16
15
11
10
8
8
8
