0
0
0
0
0
0
0
0
0
0
0
0
0
0
0
0
0
0
0
0
2
1
2
0
1
1
1
0
0
1
1
0
1
2
0
1
0
2
0
1
0
2
0
1
1
2
0
1
1
1
2
3
5
6
6
7
8
8
10
8
8
7
7
4
4
2
1
0
1
0
2
0
1
1
1
0
1
0
1
1
1
3
0
0
0
1
0
0
0
1
3
4
4
5
7
9
11
13
15
15
15
15
15
15
16
15
15
14
14
12
14
12
13
12
12
11
10
9
10
8
6
6
4
4
3
2
2
1
0
0
0
1
1
3
3
4
4
5
5
3
3
2
1
0
0
1
1
1
1
1
1
1
1
0
2
1
2
1
2
1
0
0
1
1
1
1
0
1
0
0
1
2
0
1
0
2
1
2
0
0
0
1
0
1
0
0
0
1
0
1
1
0
0
0
1
0
1
0
0
0
1
0
1
0
1
0
1
0
0
0
0
0
0
0
0
1
0
0
0
0
0
1
1
0
0
1
0
1
0
0
0
1
1
0
0
0
0
0
0
0
0
0
0
0
0
0
0
0
1
0
1
0
0
0
0
0
0
0
1
0
1
0
0
1
0
1
0
0
0
0
0
1
0
0
0
0
0
0
0
1
1
0
1
0
0
1
1
0
1
1
0
1
0
1
1
0
1
0
1
0
2
1
3
3
5
6
8
9
10
8
8
8
7
6
7
6
7
6
7
9
8
9
9
12
12
16
16
18
18
19
18
20
19
20
21
23
23
23
21
23
25
27
29
29
33
32
35
34
35
33
32
29
26
21
18
12
12
7
4
1
0
0
1
0
0
0
0
0
0
1
0
1
0
1
0
0
0
0
0
1
0
0
0
0
0
0
0
0
0
0
0
0
0
0
0
0
0
0
0
0
0
0
