0
0
0
0
0
0
0
0
0
0
0
0
0
0
0
0
0
0
0
0
1
1
1
0
1
0
0
0
1
1
1
1
1
1
0
2
0
1
0
1
0
1
0
0
0
2
1
1
0
0
1
3
4
6
5
8
9
9
11
9
10
6
8
5
5
4
4
0
2
0
1
1
0
1
1
0
2
1
1
1
0
0
0
1
0
1
0
1
0
1
2
4
6
8
10
12
14
16
18
18
18
18
17
18
17
16
15
13
13
12
13
12
12
11
10
10
10
8
7
5
3
3
1
1
0
1
0
1
0
1
0
2
2
3
3
4
2
5
5
4
4
3
1
1
1
1
1
1
1
1
1
1
1
1
1
0
1
0
0
0
1
0
1
0
0
0
1
1
0
1
0
1
1
1
0
1
0
0
0
1
0
0
0
1
0
0
1
0
0
1
1
0
1
0
0
0
1
1
1
0
1
0
0
0
1
0
0
0
0
0
1
1
0
2
0
0
0
0
0
1
1
1
0
1
0
1
0
0
0
0
0
1
0
1
0
1
0
0
1
0
0
0
0
0
0
0
1
0
0
0
0
0
0
0
0
0
0
0
0
1
0
0
0
0
0
0
0
1
0
0
0
1
0
1
0
1
0
1
1
0
1
0
0
2
1
1
1
1
1
1
1
0
1
0
0
0
1
0
1
0
2
2
4
3
5
4
6
6
8
6
4
1
0
0
0
0
0
1
0
1
0
0
0
0
0
1
0
0
0
1
1
1
1
0
1
0
1
2
2
3
4
7
10
12
15
17
21
23
26
25
28
26
27
25
27
26
28
27
28
29
30
30
31
30
31
32
31
32
30
30
26
29
27
28
25
26
23
22
19
18
15
13
11
10
7
5
2
0
1
0
0
0
0
0
0
0
0
0
1
0
0
0
