0
0
0
0
0
0
0
0
0
0
0
0
0
0
0
0
0
0
0
0
2
1
2
1
1
0
1
1
1
0
1
1
1
1
0
2
0
1
0
2
0
2
0
2
1
2
1
1
1
0
1
3
4
5
6
7
8
8
11
9
9
8
8
6
6
4
4
2
1
1
1
0
1
1
0
1
1
1
1
0
1
1
0
1
0
1
0
1
0
1
2
4
5
6
8
9
11
13
15
15
15
15
15
15
16
15
16
15
16
15
17
15
16
15
15
14
14
13
13
11
9
9
8
7
7
5
4
3
0
1
0
1
1
2
2
4
2
5
6
4
1
1
0
1
1
1
1
1
1
0
1
1
1
0
1
1
1
0
1
0
1
1
1
1
1
1
1
0
1
0
0
1
0
2
2
2
1
1
0
0
0
0
0
1
0
1
0
0
0
1
1
1
1
1
1
0
0
0
1
0
1
0
0
0
1
0
1
0
0
1
0
0
0
0
0
1
0
0
0
0
0
0
1
0
0
1
0
1
0
0
0
0
0
1
1
0
1
1
0
0
0
0
1
0
1
0
0
0
0
0
0
0
0
0
1
0
0
0
1
0
1
0
1
0
0
1
0
0
0
0
0
0
0
1
0
0
0
0
0
0
1
1
0
1
1
1
1
1
0
1
1
0
1
1
1
0
1
0
1
0
3
4
6
6
8
8
9
10
11
9
9
9
8
7
8
7
5
6
7
8
7
9
8
11
11
12
11
14
14
16
16
18
18
20
19
21
21
20
21
20
22
23
25
24
26
26
28
27
28
27
27
23
20
18
15
11
8
4
0
0
0
1
0
0
0
0
0
1
0
1
0
0
0
0
0
1
1
0
0
0
0
0
1
0
0
0
0
0
0
0
0
0
0
0
0
0
0
0
0
0
0
0
