0
0
0
0
0
0
0
0
0
0
0
0
0
0
0
0
0
0
1
1
2
1
2
1
1
1
1
1
1
1
1
1
1
2
0
2
0
2
0
2
0
2
1
2
1
2
1
1
1
1
1
4
5
7
7
8
10
9
12
9
10
9
9
6
6
4
6
2
2
0
1
0
1
0
0
0
0
2
1
0
0
2
1
1
0
1
0
1
0
1
2
4
6
7
9
11
13
15
17
17
17
17
17
17
18
17
18
17
18
16
17
17
17
16
16
14
13
12
12
10
8
8
7
6
6
4
3
0
0
1
0
2
1
3
2
4
3
5
6
5
4
3
2
1
1
1
1
1
1
1
1
1
1
0
2
1
2
1
2
1
1
1
1
1
1
0
0
1
0
1
1
0
0
1
2
0
0
1
0
1
0
1
0
1
0
1
1
1
0
1
0
0
0
0
1
1
1
0
0
0
0
0
0
0
0
0
0
0
0
1
0
0
1
0
0
0
0
1
0
0
0
1
1
1
0
0
0
1
0
0
0
0
1
1
0
1
0
2
0
1
1
0
0
0
0
0
1
0
0
0
1
0
0
0
0
0
1
0
0
0
1
0
0
1
0
0
0
0
0
1
0
0
0
0
0
0
0
1
0
0
1
1
1
1
1
1
0
0
0
0
1
1
1
0
0
0
1
0
1
0
1
1
3
3
5
6
7
7
9
7
7
6
7
5
4
5
6
6
6
9
9
10
9
11
9
13
12
13
13
15
15
17
18
19
18
20
19
20
20
21
24
29
30
29
31
32
34
34
34
31
31
29
28
26
23
17
15
10
6
3
0
1
0
0
0
0
0
1
0
0
0
1
0
1
0
1
0
1
1
0
0
0
1
0
0
0
0
0
0
0
0
0
0
0
0
0
0
0
0
0
0
0
