0
0
0
0
0
0
0
0
0
0
0
0
0
0
0
0
0
0
0
1
2
1
2
1
1
1
1
1
1
1
1
1
1
2
0
2
0
2
0
2
0
2
1
2
1
2
1
1
1
1
1
4
5
6
7
9
9
10
12
10
10
9
9
7
7
5
5
3
2
0
1
0
2
0
2
0
1
1
1
1
0
1
0
2
0
1
0
1
0
1
2
4
6
8
10
12
13
14
16
16
16
16
16
16
17
16
16
15
16
15
15
15
16
15
15
14
13
12
13
11
9
9
7
7
6
4
2
0
0
1
0
1
1
2
2
4
1
3
3
2
1
1
1
1
1
1
1
1
1
1
1
1
1
0
2
1
2
1
2
1
2
2
1
1
1
1
1
1
1
1
0
2
2
1
1
0
0
2
0
1
0
1
0
0
0
1
0
1
0
0
0
1
0
1
1
0
1
0
0
0
0
0
1
0
0
0
0
0
0
0
0
0
1
0
0
0
0
0
0
0
1
0
1
0
0
0
0
0
0
1
0
0
0
0
0
0
1
1
0
0
1
1
0
0
1
0
1
0
0
0
0
0
1
0
0
0
1
1
1
0
1
0
1
0
0
0
0
0
0
0
0
1
0
0
0
0
0
0
0
1
0
1
1
1
0
1
1
1
0
1
0
1
1
0
0
0
1
0
1
0
2
2
4
4
5
7
7
8
9
7
6
4
5
7
9
9
10
11
11
13
13
16
14
18
16
19
19
21
21
23
24
27
27
27
27
29
27
27
28
29
30
33
35
38
44
45
49
49
52
49
49
46
47
45
45
44
43
41
41
40
40
38
38
37
38
37
36
36
32
31
28
28
25
24
20
20
17
15
14
13
10
7
4
1
0
0
1
0
0
0
1
0
1
0
0
0
0
0
0
0
0
0
