0
0
0
0
0
0
0
0
0
0
0
0
0
0
0
0
0
0
1
0
2
1
0
1
1
0
1
1
1
0
1
1
0
2
0
2
0
2
0
2
0
2
0
2
1
1
1
1
0
1
1
4
5
6
7
9
9
10
12
10
11
9
10
8
8
5
6
3
2
0
1
0
1
0
0
0
1
0
0
0
0
1
0
1
0
1
0
1
0
1
3
5
7
9
11
12
14
15
17
17
17
17
17
17
18
17
18
17
18
16
16
16
16
15
15
14
14
13
13
11
10
9
8
7
5
5
3
0
0
0
0
2
1
4
4
5
4
5
4
4
1
1
1
1
1
1
1
0
1
1
1
1
1
0
1
0
1
0
1
0
1
1
1
1
0
1
1
1
0
0
1
1
2
1
1
2
0
1
0
1
0
0
0
1
0
1
1
1
0
1
0
0
0
0
0
0
1
0
0
0
1
0
1
0
1
0
0
0
0
1
1
0
1
1
0
1
1
0
0
1
0
1
0
0
0
1
0
0
0
0
0
1
1
0
1
0
0
1
0
1
0
0
0
1
0
0
1
0
0
0
1
0
0
0
0
0
0
0
0
0
1
0
0
0
0
0
0
1
0
0
0
1
0
0
0
0
0
1
0
0
1
0
1
2
1
0
1
1
1
0
1
0
0
0
0
0
1
0
1
0
1
1
0
0
1
1
1
3
5
1
0
1
1
0
0
1
1
1
0
0
0
1
0
1
0
1
0
1
1
1
1
1
1
0
1
0
1
0
0
0
2
2
3
3
7
5
8
7
10
7
9
7
9
9
10
11
14
14
16
18
21
22
25
26
25
26
26
28
27
30
29
31
30
30
30
31
30
30
30
30
29
29
29
29
29
27
26
24
22
17
12
7
6
1
1
0
0
0
1
0
0
0
