0
0
0
0
0
0
0
0
0
0
0
0
0
0
0
0
0
0
0
0
0
1
0
0
0
0
0
0
0
1
1
1
0
2
0
1
0
1
0
0
0
0
0
0
0
0
1
1
0
0
1
3
4
6
5
8
9
9
11
9
10
7
7
5
5
4
4
0
0
1
2
0
1
0
2
1
1
0
1
2
0
3
3
3
0
1
0
1
0
1
3
4
6
8
9
10
11
12
13
12
12
11
10
10
9
7
8
6
8
5
6
4
4
3
1
1
0
1
2
0
1
1
0
1
1
1
0
1
0
1
2
3
2
3
3
6
6
9
10
10
9
9
7
7
6
5
4
2
1
1
0
0
1
0
0
0
0
0
0
0
1
0
0
0
0
0
1
0
0
1
0
1
0
0
0
1
0
0
0
0
0
1
0
1
0
1
1
1
0
0
1
0
0
1
0
0
0
1
0
0
0
0
0
0
1
0
0
0
0
1
1
0
1
0
0
1
0
0
0
0
0
1
1
0
0
0
0
0
0
0
0
0
0
1
1
1
0
0
0
0
1
0
1
0
0
0
1
0
1
0
0
0
1
0
0
0
1
1
0
1
2
0
1
0
0
1
0
0
0
1
0
0
0
1
0
1
0
0
1
1
1
1
0
0
1
0
1
0
1
1
0
1
1
1
0
0
1
0
1
0
2
2
3
4
7
8
9
10
12
11
10
8
8
7
6
6
6
4
4
5
3
6
4
4
1
2
0
2
1
3
2
3
1
2
2
2
2
3
2
1
4
6
7
6
10
9
12
11
12
9
8
5
3
1
1
0
2
0
0
0
0
0
0
0
1
1
0
0
0
1
0
0
0
0
0
1
0
1
0
0
0
0
0
0
0
0
0
0
0
0
0
0
0
0
0
0
0
0
0
0
0
0
