0
0
0
0
0
0
0
0
0
0
0
0
0
0
0
0
0
0
0
0
0
0
0
1
0
1
0
1
0
1
1
1
1
1
0
1
0
1
0
1
0
1
0
0
0
0
0
0
1
0
1
3
2
4
5
7
8
10
12
13
14
16
17
18
20
21
21
24
23
23
22
23
22
23
23
24
26
28
30
30
32
34
34
35
33
33
31
32
31
32
33
34
37
37
39
41
44
47
48
49
50
52
52
53
55
56
57
60
61
61
63
63
64
66
67
67
70
71
72
74
76
76
79
79
81
83
84
84
82
83
84
87
89
91
93
94
95
98
98
97
95
94
93
93
93
93
92
94
93
92
93
94
95
97
98
100
98
98
99
99
98
98
96
95
94
93
93
94
93
93
93
96
99
100
100
100
100
100
100
100
98
99
99
99
98
99
98
98
96
96
95
94
95
97
96
97
98
99
99
100
100
98
100
100
99
98
100
99
98
98
98
98
99
99
99
100
99
100
98
99
99
100
100
100
100
100
99
100
99
100
99
100
98
99
99
99
99
99
100
99
99
99
100
100
100
100
100
99
100
100
99
100
99
99
100
98
100
98
99
98
99
100
99
100
99
100
99
100
99
98
98
98
97
96
96
95
94
94
92
92
88
88
86
86
84
84
87
88
89
90
89
90
91
91
90
91
91
88
86
85
88
90
94
97
99
99
99
99
99
99
99
99
98
100
99
100
100
99
100
100
100
100
100
100
99
100
99
100
98
99
99
98
100
99
99
99
99
99
99
100
99
99
100
99
100
99
100
99
100
99
100
99
99
99
99
99
99
100
99
100
99
100
100
100
99
99
99
99
100
100
100
100
99
100
99
100
99
99
100
99
99
99
100
99
100
100
98
95
93
91
87
84
83
79
76
73
71
68
65
62
62
62
