0
0
0
0
0
0
0
0
0
0
0
0
0
0
0
0
0
0
0
0
0
0
0
0
0
1
0
0
0
0
0
1
0
1
0
1
0
0
0
1
0
0
0
0
0
0
0
0
0
0
1
3
2
3
5
6
7
9
11
12
14
15
16
16
18
19
19
21
22
22
20
18
17
17
17
19
21
21
23
22
23
23
20
16
16
15
12
11
10
12
12
15
15
16
19
21
23
25
25
25
27
28
29
27
27
27
27
26
27
27
29
30
30
29
30
35
37
39
39
42
42
41
42
42
41
41
40
40
40
42
42
44
45
45
47
46
47
48
48
48
49
50
52
51
52
56
58
59
61
63
64
65
66
66
65
66
67
63
65
65
64
63
63
61
63
61
62
63
62
61
63
65
67
69
71
71
73
74
78
79
79
83
85
89
91
96
99
99
100
99
100
99
99
99
99
100
100
99
100
100
99
100
99
100
100
99
99
99
100
98
99
99
99
99
99
100
99
98
99
100
100
100
99
100
100
100
99
100
98
99
98
99
98
99
98
99
98
98
97
97
97
97
97
96
96
97
97
98
96
95
94
93
91
87
85
81
80
76
75
72
74
74
74
72
71
71
71
69
67
64
61
59
55
51
49
47
44
44
42
42
41
40
39
39
36
33
30
27
26
26
24
23
21
20
18
19
18
17
15
14
15
18
18
19
20
22
24
28
28
31
33
33
32
35
34
33
33
32
32
32
32
32
33
34
32
35
33
34
34
35
35
38
40
43
44
47
53
56
59
60
63
67
72
74
79
81
85
87
90
91
92
95
95
99
99
98
99
100
99
100
99
99
100
100
100
99
100
99
99
99
100
98
97
99
99
100
99
98
98
98
97
95
94
91
90
87
86
84
82
80
77
73
72
69
67
63
61
58
58
56
56
56
