0
0
0
0
0
0
0
0
0
0
0
0
0
0
0
0
0
0
0
0
0
0
0
1
0
1
0
1
0
0
0
1
0
1
0
0
0
1
0
1
0
1
0
0
0
0
0
0
1
0
1
3
2
3
5
6
8
9
10
12
14
15
17
17
19
21
22
24
24
25
23
23
22
22
21
20
23
23
25
27
28
25
24
25
23
23
21
22
21
25
26
27
28
31
34
34
35
35
38
40
42
43
43
45
46
45
48
47
49
50
52
53
57
56
58
58
60
61
62
67
68
71
75
76
78
79
80
82
82
82
81
85
86
87
87
90
92
95
95
95
95
94
95
93
92
91
89
90
89
90
90
91
92
92
92
95
95
97
97
97
98
97
96
96
94
95
95
96
96
95
96
98
99
100
99
99
100
100
99
99
99
100
99
100
98
99
99
99
95
93
92
90
89
89
89
90
91
91
91
92
91
92
93
96
96
97
98
96
97
96
98
96
98
98
98
98
98
99
100
99
99
100
100
100
99
100
100
100
99
100
98
99
99
99
98
99
98
98
99
99
98
99
100
100
100
99
99
100
99
100
100
100
99
99
99
99
100
99
99
98
99
100
99
100
100
100
100
100
100
99
100
99
99
99
99
100
98
100
98
99
97
98
96
96
94
94
96
96
98
100
100
99
99
98
97
97
96
97
97
96
98
98
100
99
99
97
99
98
99
100
99
98
99
99
99
98
99
98
99
100
99
100
100
99
99
99
99
100
99
99
99
99
100
99
100
99
99
100
100
99
100
100
100
100
100
100
100
99
100
99
100
99
99
99
99
99
99
100
99
99
99
100
100
100
100
99
100
100
100
99
100
100
99
98
99
99
99
99
99
98
100
99
100
99
99
99
97
95
92
88
85
81
77
73
71
67
64
61
58
53
53
53
