0
0
0
0
0
0
0
0
0
0
0
0
0
0
0
0
0
0
0
0
0
1
1
1
0
1
1
1
1
1
1
1
1
1
1
1
1
1
1
1
1
1
1
0
1
1
1
0
1
1
2
2
6
5
6
7
7
9
12
13
13
16
17
18
20
20
21
22
21
20
19
16
16
14
15
15
17
18
20
21
23
26
25
26
25
25
23
24
23
25
26
29
31
35
37
39
41
43
46
46
48
50
51
53
55
56
58
59
60
60
63
62
65
66
67
67
69
71
72
74
76
77
80
81
84
84
85
87
88
89
89
92
93
94
95
97
98
100
98
98
98
98
97
97
95
95
95
93
92
91
89
90
92
92
93
96
96
98
99
99
99
98
98
97
98
96
97
96
95
94
95
97
99
100
100
100
99
100
99
100
98
98
98
99
99
99
98
98
97
95
98
97
99
100
100
97
98
96
98
98
100
100
100
100
99
98
99
99
99
99
97
97
96
97
97
99
99
98
98
98
99
100
99
100
99
100
99
100
99
100
99
98
98
99
98
98
98
99
100
99
99
99
100
99
100
100
99
100
100
100
100
100
100
99
100
98
100
99
99
98
99
100
99
100
99
100
100
100
100
99
99
99
100
99
99
98
96
95
94
94
93
94
94
94
95
97
96
96
94
93
94
92
90
89
85
83
80
77
74
72
74
73
75
75
77
76
77
76
78
76
75
73
72
71
69
67
67
68
69
70
69
71
71
73
72
75
75
79
79
80
82
85
86
88
91
92
91
91
92
92
92
95
97
97
99
99
100
99
100
98
100
99
99
99
99
99
99
99
99
99
99
99
100
100
100
100
99
99
100
99
100
100
99
100
99
100
99
99
99
99
100
98
100
99
100
99
100
99
100
100
100
99
100
100
99
99
99
98
99
96
96
96
