0
0
0
0
0
0
0
0
0
0
0
0
0
0
0
0
0
0
0
0
0
0
0
1
0
1
0
1
0
1
0
1
0
1
0
1
1
1
1
1
0
1
0
0
0
0
0
0
1
0
1
3
2
4
5
6
7
9
11
11
14
14
15
17
18
19
19
21
22
22
21
20
19
18
18
18
21
23
25
27
28
31
30
32
32
32
31
31
30
30
30
32
33
33
35
36
37
37
37
39
39
40
40
40
42
42
45
46
49
49
52
54
57
58
60
61
65
68
71
70
73
72
73
72
75
74
74
72
72
72
73
76
78
80
78
80
79
82
82
81
81
81
80
78
80
78
79
81
83
85
86
87
88
91
92
92
94
93
94
92
92
90
90
89
90
89
88
89
89
88
91
94
97
99
99
100
100
99
99
99
99
99
99
99
98
99
99
99
99
98
100
99
100
99
99
100
100
99
100
100
100
100
100
99
98
98
99
99
99
99
98
96
96
96
97
99
99
99
99
100
99
100
99
100
99
100
99
100
99
100
99
99
98
99
98
99
98
99
100
99
99
98
98
100
98
99
98
98
97
98
100
98
97
93
92
88
87
83
82
79
80
82
82
81
82
83
84
85
85
82
81
78
75
73
71
69
66
65
62
62
62
63
63
65
65
68
69
70
70
71
72
75
77
81
85
87
89
91
93
92
96
98
100
99
98
99
99
100
99
100
99
100
99
100
100
99
100
99
100
100
100
100
100
100
99
100
99
99
99
99
99
99
100
99
99
99
100
100
100
99
99
99
100
100
100
100
99
97
99
99
99
99
99
99
99
99
98
99
99
99
99
99
99
99
100
99
99
95
92
90
87
84
81
80
77
76
73
73
74
72
71
70
70
68
67
67
62
57
52
47
42
37
32
27
22
16
12
6
2
0
0
0
