0
0
0
0
0
0
0
0
0
0
0
0
0
0
0
0
0
0
0
0
0
0
0
1
0
1
0
1
1
1
0
1
1
1
0
1
0
1
0
1
0
1
0
0
0
0
0
0
0
0
1
3
2
4
5
6
7
9
11
11
14
14
15
18
19
20
21
23
22
23
22
20
20
20
21
20
23
23
26
26
28
30
30
30
30
29
28
28
27
29
28
29
32
33
34
35
34
35
36
39
41
43
44
44
45
46
48
49
50
52
53
53
56
54
56
58
60
61
65
67
69
72
74
74
77
77
79
80
80
79
82
82
84
85
87
90
90
91
92
92
93
92
92
90
91
91
90
89
89
87
88
91
92
94
95
96
97
98
100
97
98
96
97
95
95
94
95
94
93
94
97
98
100
100
99
99
99
99
100
100
98
99
97
98
99
99
99
99
98
97
98
98
99
100
99
99
99
99
100
100
100
99
99
100
99
99
99
99
99
97
97
97
97
97
98
98
99
99
99
99
99
100
100
100
100
100
99
100
98
100
98
100
98
99
98
99
99
99
99
99
99
99
99
100
99
99
100
100
100
100
99
100
100
98
99
98
100
98
99
99
99
99
99
100
99
100
99
98
98
96
93
93
91
89
87
86
83
81
79
77
73
74
71
70
69
69
68
67
66
66
64
61
58
55
54
53
50
50
48
47
49
50
52
52
54
55
58
57
58
59
57
56
56
57
57
58
59
60
62
64
64
66
67
69
69
71
71
71
70
72
72
74
75
76
77
77
77
79
79
80
81
85
87
89
92
95
97
98
100
99
100
99
99
99
99
99
98
100
99
99
98
100
100
100
100
99
100
100
100
100
100
100
99
100
99
100
99
99
99
99
100
99
100
99
99
100
100
100
99
100
100
100
99
98
96
96
94
91
89
84
84
84
