0
0
0
0
0
0
0
0
0
0
0
0
0
0
0
0
0
0
0
0
0
0
0
0
0
0
0
0
0
1
0
1
0
1
1
1
1
0
0
0
0
0
0
0
0
0
0
0
0
0
2
0
2
3
4
6
8
9
11
12
13
14
16
18
19
21
22
23
22
21
18
18
17
16
14
14
16
18
20
21
21
21
20
19
17
16
15
17
15
15
17
20
22
23
24
25
28
29
30
32
32
34
35
36
37
37
38
37
39
40
41
42
45
44
48
50
51
55
56
57
57
58
58
57
56
56
54
55
57
57
56
60
61
62
64
66
67
68
68
67
65
66
65
64
66
68
69
70
70
72
74
75
77
78
79
78
78
79
79
78
78
77
76
76
76
73
74
74
75
74
76
79
80
83
86
87
88
91
91
90
91
93
91
93
94
97
99
99
99
99
100
99
99
99
100
100
99
100
100
99
99
99
100
100
99
98
100
99
100
98
98
99
99
100
99
99
99
100
99
99
99
100
99
100
99
100
100
100
98
99
98
99
98
99
98
99
98
98
98
98
99
98
99
97
95
95
96
97
96
98
98
96
93
90
90
85
86
82
78
78
78
78
80
80
80
79
80
77
78
76
73
70
68
66
63
61
59
58
57
57
55
53
51
50
50
48
46
43
40
37
35
34
33
31
30
28
26
26
23
22
23
24
25
26
27
29
31
33
35
39
40
42
43
41
41
42
43
43
44
46
45
46
45
47
46
48
47
48
47
50
50
50
50
50
51
51
53
56
58
60
62
66
69
73
75
78
80
81
82
85
88
90
93
96
98
99
99
100
99
100
99
100
100
99
100
100
100
99
99
99
100
100
99
99
99
99
99
99
99
99
99
99
97
96
98
96
98
97
94
93
91
88
84
82
78
75
75
72
70
67
67
67
