0
0
0
0
0
0
0
0
0
0
0
0
0
0
0
0
0
0
0
0
0
0
0
1
0
1
0
1
0
1
0
1
0
1
0
1
0
1
0
1
0
1
0
0
0
0
0
0
1
0
1
3
2
4
5
6
7
9
11
11
14
13
14
16
17
19
18
21
21
22
22
22
20
21
21
21
21
24
26
29
31
34
34
34
34
33
31
32
30
31
32
32
34
35
36
37
37
38
39
41
41
44
44
45
46
46
49
50
53
55
57
59
60
60
62
64
66
67
70
73
75
76
78
78
80
79
80
83
81
83
83
85
85
86
86
89
92
94
94
93
93
92
91
90
89
89
89
89
89
90
91
93
93
96
97
98
99
99
100
99
100
97
97
97
98
95
94
93
92
93
93
95
97
97
99
100
99
100
100
100
98
100
99
99
98
99
99
99
96
97
98
96
96
95
95
96
95
95
97
98
99
99
99
100
99
99
99
99
97
96
96
95
95
96
97
98
98
99
100
100
99
100
100
100
100
100
100
100
99
100
98
99
98
99
98
99
99
99
99
99
99
99
99
99
97
97
97
98
99
100
99
99
98
95
94
91
90
87
84
81
81
79
81
82
82
83
83
85
85
83
82
80
77
75
72
70
67
66
63
63
63
64
64
66
66
67
69
71
70
71
70
71
73
73
75
78
81
85
88
90
92
95
96
98
99
99
99
99
99
99
99
99
99
99
100
99
100
100
100
100
100
100
100
99
99
100
99
99
99
98
99
99
99
99
99
99
99
99
100
100
99
99
99
100
99
100
99
99
99
99
100
99
99
99
98
99
99
99
99
100
98
97
96
94
91
90
86
84
82
81
78
73
69
69
65
64
60
59
57
54
52
50
48
45
40
35
30
25
20
15
10
5
0
0
0
0
0
0
0
0
0
0
