0
0
0
0
0
0
0
0
0
0
0
0
0
0
0
0
0
0
0
0
0
0
0
1
0
1
0
1
1
1
1
1
0
1
0
1
0
1
0
0
0
1
0
0
1
1
1
0
1
1
2
0
3
4
5
6
8
9
11
13
13
14
15
17
19
20
21
22
20
18
16
15
14
13
15
16
18
19
21
21
19
19
21
22
22
22
22
25
27
31
33
36
37
40
43
44
46
47
47
48
49
52
52
53
56
57
60
60
63
64
67
67
70
69
72
74
76
76
79
81
82
82
83
83
84
85
86
87
85
86
87
90
92
92
93
97
97
98
97
98
98
97
96
95
92
93
93
92
92
91
93
93
95
95
97
98
100
98
98
99
100
98
98
98
96
95
94
93
93
92
92
94
96
97
99
99
100
100
100
100
99
99
99
99
98
99
97
99
98
97
97
97
99
98
99
99
99
98
99
98
99
100
100
100
100
99
100
99
99
96
96
96
96
97
97
96
95
96
96
95
97
99
100
100
99
99
99
99
98
99
99
99
98
99
99
99
98
99
99
99
100
99
99
100
100
100
100
99
98
99
100
99
100
99
99
98
100
97
98
98
98
100
99
99
100
100
99
100
99
98
99
98
98
97
96
95
91
90
88
88
86
87
88
90
92
94
95
98
97
99
99
99
99
98
100
99
100
99
99
98
100
98
100
99
99
99
99
99
99
99
99
100
98
100
99
99
99
100
99
100
99
100
99
99
99
99
99
100
99
98
98
99
99
99
99
99
99
100
99
100
99
100
99
100
99
100
99
99
99
99
100
99
99
99
99
99
99
98
99
100
99
100
98
99
99
97
93
91
87
86
84
81
81
78
75
76
73
70
66
64
62
59
57
56
53
48
43
38
33
28
23
18
13
8
3
0
0
0
0
0
0
0
