0
0
0
0
0
0
0
0
0
0
0
0
0
0
0
0
0
0
0
0
0
0
0
1
0
1
0
1
0
1
0
1
0
1
0
1
0
1
0
1
0
1
0
0
0
0
0
0
1
0
1
3
2
3
5
6
8
9
10
10
12
14
15
17
18
19
22
22
22
22
21
19
18
19
18
19
21
23
25
27
29
31
32
35
34
33
31
32
30
31
30
32
33
33
35
36
36
37
37
39
38
39
39
41
42
43
45
48
49
52
54
54
58
58
59
61
64
67
66
68
70
71
70
72
71
72
72
74
74
74
74
75
76
78
79
80
79
82
80
81
79
78
80
78
80
78
81
81
82
83
85
86
88
89
90
92
92
92
92
90
90
89
89
88
88
86
88
86
86
86
87
89
92
93
96
97
98
100
100
100
99
99
99
99
99
99
99
99
99
99
99
99
100
100
99
99
99
100
100
99
100
100
100
99
100
98
100
99
98
96
97
96
97
97
97
99
99
99
99
100
99
100
99
100
100
100
99
100
99
100
98
100
98
99
99
99
99
99
100
99
99
99
100
100
100
99
99
99
99
100
100
99
99
98
99
99
100
98
99
98
99
99
99
99
99
100
99
100
99
97
96
95
93
92
92
90
88
86
84
85
83
82
82
85
85
87
89
90
92
93
94
96
96
98
97
97
99
99
100
99
100
99
100
99
99
99
99
99
99
100
99
99
99
99
99
99
99
100
100
100
100
99
100
99
99
100
99
100
99
99
99
99
100
99
99
99
99
99
100
99
99
100
99
100
99
100
99
99
99
99
100
99
99
99
99
99
99
100
99
100
99
98
97
95
94
93
89
87
84
82
79
76
73
71
69
68
67
68
67
66
65
60
55
50
45
40
35
30
25
20
15
10
5
0
0
0
0
0
0
0
0
0
