0
0
0
0
0
0
0
0
0
0
0
0
0
0
0
0
0
0
0
0
0
0
0
0
0
1
0
1
0
1
0
1
0
0
0
1
0
1
0
1
0
1
0
0
0
0
0
0
0
0
1
3
2
4
5
6
8
9
10
11
13
13
15
16
18
20
20
23
22
23
23
22
23
23
23
23
24
25
26
25
26
26
25
26
25
23
20
22
21
24
26
28
28
28
30
33
32
34
35
36
36
36
36
36
35
33
34
33
36
37
39
43
47
47
47
48
50
55
57
56
59
60
61
59
61
59
59
59
61
60
61
63
64
65
65
65
66
68
69
70
69
68
69
69
70
72
74
75
77
79
78
78
79
82
83
81
79
78
79
78
80
77
79
78
79
77
78
77
78
79
80
82
85
87
89
89
91
92
94
96
98
98
98
100
99
98
99
99
99
99
100
98
100
99
100
99
100
100
98
100
100
100
99
99
99
98
99
99
99
99
99
99
99
100
99
100
99
100
99
100
100
100
100
100
99
100
100
100
98
99
98
99
98
98
98
99
98
99
98
99
100
99
98
99
100
99
100
100
99
100
100
98
96
94
92
89
89
85
83
80
81
81
80
83
83
85
85
86
87
87
85
84
83
80
76
74
70
69
66
64
63
63
62
63
63
64
65
64
65
66
67
67
68
69
69
69
69
69
73
76
80
82
85
85
89
91
96
97
99
100
99
100
99
99
99
99
99
100
100
100
99
100
100
100
99
100
99
99
99
99
99
99
99
99
98
99
99
100
99
99
100
100
100
100
100
100
99
99
99
99
100
99
98
99
98
99
99
99
98
99
99
97
100
100
99
100
99
99
98
97
97
95
92
92
88
87
83
82
80
80
80
78
77
77
77
78
78
75
71
66
61
56
51
46
41
35
31
25
21
15
15
15
