0
0
0
0
0
0
0
0
0
0
0
0
0
0
0
0
0
0
0
0
0
0
0
1
0
0
0
0
0
0
0
0
1
0
0
1
0
1
0
0
0
0
0
0
0
0
0
0
1
0
2
1
2
3
3
3
4
6
7
8
9
10
10
9
9
7
5
4
2
2
1
0
1
1
1
0
0
0
0
0
0
0
1
1
0
0
0
1
0
2
1
5
5
7
11
12
13
17
17
20
20
23
25
26
28
30
30
33
33
35
37
40
44
43
43
42
41
40
38
37
38
37
38
38
39
40
40
41
43
45
47
49
52
53
56
59
60
63
64
65
65
66
65
67
66
67
68
69
68
70
69
70
70
69
70
69
68
67
67
66
67
66
65
64
67
67
66
65
66
68
71
72
74
76
78
78
80
81
83
84
86
89
90
92
94
99
99
99
99
99
100
99
100
99
100
100
100
100
100
99
100
100
100
100
100
98
100
99
99
98
99
99
99
99
99
99
99
100
99
100
100
100
99
100
100
100
99
99
98
98
97
98
97
96
96
96
94
95
94
92
90
88
86
85
85
86
85
85
83
82
80
78
76
71
71
68
67
64
62
58
59
58
58
56
55
54
53
51
50
49
46
44
42
40
39
36
37
36
36
35
33
30
27
24
20
17
16
14
13
13
12
13
11
11
9
8
8
8
8
5
6
9
12
13
18
18
22
26
28
32
36
39
40
41
42
43
44
44
45
46
47
47
48
48
49
51
50
52
50
54
54
58
59
63
65
65
70
76
80
84
87
91
94
97
98
100
100
99
100
99
98
99
98
99
99
99
99
100
99
99
99
99
99
100
99
100
100
100
99
99
100
100
99
100
99
100
99
98
99
98
98
95
94
93
93
92
90
89
88
88
86
85
83
81
77
73
72
68
66
61
61
61
