0
0
0
0
0
0
0
0
0
0
0
0
0
0
0
0
0
0
0
0
0
0
0
1
0
1
0
1
0
1
0
1
0
1
0
1
0
1
0
1
0
1
0
0
0
0
0
0
1
0
1
3
2
3
5
6
7
9
9
10
11
12
13
14
16
16
17
20
20
20
20
18
17
18
16
16
16
18
20
21
23
23
23
23
21
22
21
23
25
27
29
31
34
36
38
39
40
41
44
43
45
48
50
51
52
53
56
57
58
60
64
63
66
66
68
70
72
71
75
74
76
77
79
80
81
81
82
83
83
84
85
86
89
89
89
93
95
98
97
99
98
97
97
95
95
94
94
92
92
93
93
94
95
96
97
99
100
99
100
98
99
98
97
97
96
96
95
94
92
92
93
96
97
99
100
100
99
100
99
99
99
100
98
100
97
98
99
98
97
96
97
96
98
99
99
99
98
99
98
98
99
100
100
100
100
98
100
98
99
98
97
96
97
98
97
98
97
100
99
100
99
100
99
100
100
100
100
100
99
100
99
100
99
99
99
99
98
98
99
99
99
99
100
100
100
99
100
99
100
98
100
98
96
95
94
90
90
85
84
81
82
82
83
82
83
82
82
81
81
78
74
71
67
64
60
57
54
53
52
50
49
47
48
46
46
46
45
43
40
38
35
32
29
27
24
21
18
17
15
13
14
14
15
15
15
17
19
21
23
24
25
24
23
22
21
22
23
24
23
24
24
23
26
26
24
24
25
26
26
28
31
35
38
43
47
51
51
53
56
58
61
65
68
69
72
75
75
77
78
79
84
84
86
87
88
89
88
92
96
100
99
99
99
99
99
99
100
100
100
100
100
100
98
99
99
100
99
98
99
97
100
98
99
99
100
98
100
100
99
100
100
99
98
99
99
96
95
94
93
92
92
92
