0
0
0
0
0
0
0
0
0
0
0
0
0
0
0
0
0
0
0
0
0
0
0
1
0
1
0
1
0
1
0
1
0
1
0
1
0
1
0
1
0
1
0
0
0
0
0
0
1
0
1
3
2
4
5
7
7
9
10
12
13
15
16
18
20
21
21
23
23
23
23
21
20
20
20
22
22
25
26
29
32
34
34
34
33
32
29
30
28
29
29
31
32
32
34
35
35
35
36
37
38
40
40
41
41
42
45
46
48
48
52
52
56
55
58
60
63
64
67
68
69
70
70
70
71
72
73
72
73
72
73
74
77
80
81
82
82
83
83
82
82
82
83
82
82
83
83
84
86
88
87
90
90
93
93
96
97
96
97
96
95
92
92
91
91
90
91
90
91
92
94
96
98
100
99
100
100
100
99
99
99
99
98
98
98
99
99
99
98
96
95
96
97
99
100
99
100
100
98
99
100
100
100
100
100
99
99
99
99
98
99
98
99
99
99
100
99
100
100
99
100
100
99
100
99
100
100
100
98
99
99
99
99
99
99
99
98
99
99
99
100
99
98
99
99
99
99
99
98
100
100
98
98
94
94
90
90
86
84
82
82
82
83
82
83
83
83
82
81
78
75
72
68
64
62
58
55
55
53
53
51
50
48
47
47
47
45
44
42
40
38
35
32
29
27
26
23
22
20
18
18
18
18
18
18
20
21
23
25
28
30
30
28
26
25
23
22
20
16
14
12
12
12
12
11
14
16
18
20
22
24
28
29
31
33
34
38
38
40
42
45
49
52
52
57
58
62
63
67
66
69
70
70
73
74
75
77
78
81
83
87
89
91
91
94
96
97
97
99
99
100
100
99
99
99
100
99
99
98
99
100
99
100
98
99
100
99
100
99
98
99
99
99
99
99
99
100
99
100
99
99
99
