0
0
0
0
0
0
0
0
0
0
0
0
0
0
0
0
0
0
0
0
0
0
0
1
0
1
0
1
0
1
0
1
1
1
1
1
0
1
0
0
0
1
0
0
1
0
1
1
1
0
2
0
2
3
4
6
8
9
11
12
13
14
16
18
19
21
22
23
22
22
20
20
18
19
18
18
19
21
24
23
21
24
24
24
24
23
25
26
27
31
32
35
37
40
44
46
47
48
50
51
54
57
58
59
61
62
63
66
68
68
70
72
75
75
77
78
79
81
82
84
85
86
88
88
90
90
92
94
95
96
95
98
99
100
99
100
98
100
99
99
98
98
97
96
95
94
95
95
94
93
93
93
93
95
95
99
98
99
100
99
99
98
99
98
99
98
98
97
95
96
96
98
99
98
99
99
99
100
100
98
99
100
97
96
95
94
95
94
94
92
93
93
93
93
96
96
98
98
100
100
100
99
100
100
100
99
99
98
98
98
98
97
98
100
98
99
99
100
99
99
99
100
99
100
99
100
99
100
99
99
98
99
98
99
99
99
99
99
100
99
99
99
100
100
100
100
99
100
100
99
99
99
99
98
99
99
100
97
96
96
98
100
99
100
99
100
99
99
99
99
98
98
97
97
95
94
92
91
89
88
86
84
82
83
84
84
85
85
87
88
88
87
90
90
91
88
89
89
89
87
87
88
90
90
93
95
97
98
99
100
98
99
99
99
100
99
99
98
100
100
99
100
100
100
98
100
98
100
98
99
98
99
98
99
100
99
99
99
99
99
99
99
99
99
100
100
100
99
100
99
100
99
99
98
99
100
99
100
99
100
99
100
100
100
100
100
100
100
100
99
100
100
99
100
98
100
99
98
99
99
100
99
100
99
99
98
97
96
94
91
89
88
85
82
78
74
72
69
69
68
68
68
