0
0
0
0
0
0
0
0
0
0
0
0
0
0
0
0
0
0
0
0
0
0
0
0
0
0
0
1
1
0
0
1
0
1
1
1
1
0
0
1
0
1
0
0
0
0
0
0
1
0
2
0
3
4
5
7
8
8
9
10
12
13
14
16
18
19
17
17
14
13
12
9
11
12
11
9
9
9
8
8
10
11
11
14
16
17
16
17
15
14
15
18
20
21
21
22
24
25
25
28
29
29
29
30
30
30
31
32
34
36
38
38
41
42
43
45
46
47
47
50
50
49
48
48
49
49
47
47
48
48
48
53
56
56
55
56
57
59
57
57
56
56
57
58
58
60
62
63
65
66
67
69
70
71
72
71
70
70
71
69
71
71
71
70
71
70
71
70
70
68
70
73
75
75
77
79
81
80
83
85
85
89
89
92
93
97
99
99
98
99
99
99
99
99
100
100
100
100
100
100
100
99
100
100
99
99
100
99
100
99
99
98
99
100
99
99
99
99
99
100
99
100
99
100
99
100
99
100
98
100
98
99
98
98
98
99
98
97
97
95
96
95
94
94
93
94
95
94
93
91
90
89
88
85
83
79
78
74
73
72
71
72
73
74
73
74
73
71
71
67
65
62
60
58
56
54
53
54
52
54
54
55
55
53
54
55
57
57
57
57
58
58
58
58
59
56
57
58
58
59
64
68
72
76
81
84
89
93
97
99
97
98
100
99
99
99
99
99
100
100
99
100
99
100
99
100
99
100
99
99
99
97
99
99
100
99
99
100
100
100
100
100
99
99
100
100
99
98
99
99
99
99
98
99
98
99
99
99
99
99
99
97
96
93
93
90
87
86
84
81
80
76
75
73
69
67
63
61
60
58
55
52
48
45
42
39
36
34
32
29
24
19
14
9
4
0
0
0
0
0
0
0
