0
0
0
0
0
0
0
0
0
0
0
0
0
0
0
0
0
0
0
0
0
0
0
1
0
1
0
1
0
1
1
1
0
1
1
1
0
1
0
1
0
1
0
0
0
0
0
0
1
1
2
2
6
7
8
9
9
11
13
14
15
18
18
19
21
23
21
21
19
18
16
15
15
16
18
20
20
18
18
19
20
21
22
23
24
24
24
27
28
30
31
33
34
35
37
39
40
42
43
45
48
50
53
55
56
58
60
63
65
66
68
68
71
70
72
74
76
77
80
80
82
84
85
86
86
86
89
90
90
92
93
95
96
97
97
100
98
100
99
99
98
98
97
96
95
94
94
94
93
92
91
92
92
92
94
96
97
98
99
99
99
97
97
96
95
94
94
94
93
93
93
95
96
97
100
100
100
99
99
100
98
98
98
99
96
97
98
97
96
96
98
97
98
98
97
95
97
96
94
96
95
99
99
100
99
98
98
99
100
97
97
96
97
98
98
100
99
100
100
100
100
100
100
100
99
100
100
100
99
99
99
100
99
99
98
99
98
99
99
98
99
99
99
99
99
99
99
99
100
100
99
99
98
97
96
93
92
89
88
86
88
87
87
87
89
87
88
88
88
88
86
86
84
84
84
81
78
77
72
71
68
66
67
71
70
72
73
74
75
75
77
78
79
81
82
81
84
84
85
84
87
88
93
96
99
98
99
99
99
100
99
99
100
99
99
100
99
100
99
99
100
100
100
100
99
99
99
99
99
99
99
99
100
99
99
99
99
100
99
100
100
100
99
99
99
100
99
99
100
99
99
99
99
99
99
99
99
99
99
100
98
98
99
98
96
95
93
89
87
82
79
78
74
72
71
70
67
65
64
62
57
56
53
50
48
47
44
39
34
29
24
19
14
9
4
0
0
0
0
0
0
0
