0
0
0
0
0
0
0
0
0
0
0
0
0
0
0
0
0
0
0
0
0
0
0
1
0
1
0
1
0
1
1
1
1
1
1
1
1
1
1
1
1
1
1
0
1
1
1
0
1
1
2
2
6
6
7
8
8
10
12
14
15
15
17
18
19
20
20
21
18
18
15
14
12
13
15
18
20
22
24
25
28
30
31
34
34
34
32
33
32
34
35
36
37
38
39
40
41
42
42
43
44
44
44
45
47
48
50
51
54
55
58
58
61
62
65
67
70
71
74
74
76
78
78
80
80
80
80
80
80
80
81
81
82
83
85
87
86
88
88
87
87
86
86
86
86
85
86
87
87
87
89
92
91
93
96
98
97
98
99
98
98
96
96
95
96
94
93
93
93
92
94
94
96
96
99
100
99
99
99
100
98
99
99
99
97
97
97
99
98
98
97
97
99
100
99
99
99
99
100
100
100
100
99
100
100
98
99
99
99
98
98
98
99
99
99
100
99
99
100
99
100
100
100
100
100
100
99
100
99
99
98
99
98
99
98
99
98
99
100
99
99
99
99
99
99
99
99
100
100
99
99
99
98
96
95
93
93
90
88
86
86
86
86
86
87
87
87
89
90
89
89
85
84
83
80
77
72
71
67
66
63
63
62
62
62
63
63
64
64
66
65
64
65
66
66
64
65
68
70
72
74
76
79
81
83
87
88
90
91
94
96
98
99
100
100
99
100
100
99
100
100
100
99
100
99
99
99
99
99
99
98
99
99
98
100
99
99
100
100
99
100
99
100
100
100
100
99
99
100
99
100
99
99
99
99
98
99
99
99
100
99
100
99
100
100
98
98
98
98
94
93
89
86
85
85
82
79
80
79
78
79
79
77
76
74
73
69
64
59
54
49
44
39
34
29
23
19
13
9
3
3
3
