0
0
0
0
0
0
0
0
0
0
0
0
0
0
0
0
0
0
0
0
0
0
0
1
0
1
0
1
0
1
0
1
0
1
1
1
0
1
0
1
0
1
0
0
0
0
0
0
1
0
1
3
2
4
5
6
7
9
11
11
14
14
15
17
18
19
19
21
22
23
23
23
22
23
23
22
23
24
27
29
30
32
33
34
33
32
31
32
30
30
30
33
34
34
35
36
37
38
39
39
39
41
41
41
42
42
43
47
50
51
52
53
54
56
57
58
61
61
65
67
69
70
71
72
72
74
76
76
77
76
77
79
80
81
83
85
87
88
88
88
88
86
86
85
85
85
86
86
87
88
90
91
92
93
94
98
98
98
98
99
99
98
97
96
94
94
93
94
93
93
94
95
98
99
100
100
99
100
99
99
97
98
97
97
97
96
99
99
97
97
96
97
97
97
98
99
99
99
99
100
100
100
98
100
99
97
98
98
99
98
97
96
98
99
99
99
99
99
99
100
99
100
99
100
99
100
100
100
98
100
99
100
98
99
98
99
98
99
100
99
100
98
97
98
98
98
98
98
99
99
99
100
99
98
98
96
93
89
87
86
85
86
85
85
85
85
85
84
84
81
79
77
75
73
70
68
64
63
59
60
58
58
60
59
60
60
60
59
59
60
60
60
61
62
62
62
61
58
57
57
57
59
61
62
64
66
67
69
72
74
77
79
83
85
84
86
87
87
87
92
91
94
96
97
96
97
98
100
98
99
99
99
100
99
100
99
100
100
98
100
99
99
99
99
100
100
100
99
100
99
99
99
99
99
99
99
99
100
99
100
99
100
100
100
99
99
99
99
100
99
100
99
99
99
99
99
99
97
95
97
98
98
98
99
96
96
94
90
88
87
85
81
80
78
77
75
73
73
72
69
69
69
