0
0
0
0
0
0
0
0
0
0
0
0
0
0
0
0
0
0
0
0
0
0
0
1
0
1
0
1
1
1
1
1
1
0
0
0
0
1
0
1
0
1
0
0
0
0
0
0
1
0
2
2
3
4
4
6
7
8
10
11
12
14
15
17
18
20
20
22
21
20
20
20
18
20
21
19
21
23
25
26
27
29
28
27
26
25
23
23
22
21
23
25
27
27
30
30
31
33
32
33
34
35
35
38
36
35
36
37
37
36
38
38
41
41
43
44
46
48
51
54
56
58
59
59
61
61
63
63
64
66
66
68
70
73
71
76
77
78
77
78
76
78
77
78
77
76
77
76
78
78
79
79
81
83
84
84
86
84
83
83
83
82
82
79
81
80
79
81
81
80
83
84
87
89
92
94
96
97
99
99
99
99
98
99
99
99
99
99
98
98
99
99
100
99
100
100
100
99
98
99
100
100
100
100
99
98
99
98
99
98
98
98
99
99
99
99
99
99
100
100
100
100
100
100
99
100
100
100
99
100
98
99
99
99
98
98
98
99
99
99
99
98
99
100
100
100
98
99
99
99
100
98
98
96
95
93
92
89
87
85
86
86
85
87
88
89
89
89
90
87
86
84
83
80
77
75
72
70
67
66
65
65
65
66
65
67
67
67
68
69
70
69
69
69
69
66
66
66
65
63
65
67
69
71
74
76
80
82
83
83
84
84
86
88
90
91
91
89
90
90
89
92
94
95
95
97
98
100
98
99
99
98
99
99
99
98
99
99
100
98
99
100
100
99
100
99
100
99
100
99
99
99
99
99
99
100
99
100
99
100
99
100
100
100
100
100
100
99
100
99
100
100
99
99
98
99
98
99
100
99
99
99
99
99
96
94
92
91
89
88
85
82
79
77
75
71
69
68
68
67
67
67
