0
0
0
0
0
0
0
0
0
0
0
0
0
0
0
0
0
0
0
0
0
0
0
1
0
1
0
1
0
1
0
1
0
1
0
1
0
1
0
1
0
1
0
0
0
0
0
0
1
1
2
2
6
8
7
8
9
10
12
14
15
17
19
20
22
22
23
24
22
22
21
19
19
20
20
21
22
23
28
29
29
31
31
33
32
32
31
32
31
32
34
38
42
44
47
49
52
54
55
56
57
59
59
62
63
64
66
67
69
70
72
73
75
76
76
77
79
80
83
85
86
87
90
89
92
93
93
94
97
98
99
99
99
100
98
100
99
100
99
99
98
99
98
97
96
95
94
92
93
92
92
92
92
91
93
93
94
95
97
97
99
98
98
96
96
96
96
96
95
93
94
93
95
96
98
99
99
100
99
98
99
99
99
99
97
98
99
99
97
96
95
95
95
97
98
100
99
100
99
99
98
98
99
100
99
99
98
99
98
96
97
96
97
99
99
100
99
100
99
99
100
100
100
100
100
100
99
100
98
100
98
100
99
99
98
99
98
99
99
99
100
99
99
99
98
100
100
99
99
99
98
99
99
97
97
93
94
90
86
84
85
86
87
88
89
89
91
91
91
89
88
86
85
83
81
80
76
75
72
72
70
71
70
71
71
73
74
75
75
78
77
79
79
81
82
81
83
85
90
93
98
99
100
99
99
99
99
98
99
99
99
99
99
100
99
100
100
100
100
100
100
100
100
100
99
100
99
100
98
99
99
98
100
99
100
99
99
100
100
100
99
100
99
99
99
100
99
99
99
99
100
99
99
99
99
99
99
100
99
99
99
98
95
94
93
92
90
88
85
85
83
81
77
75
71
71
67
63
59
55
52
48
45
43
40
37
34
31
27
23
18
13
8
3
0
0
0
0
0
0
0
0
