0
0
0
0
0
0
0
0
0
0
0
0
0
0
0
0
0
0
0
0
0
0
0
0
0
0
0
0
0
0
1
0
0
0
0
0
0
1
0
0
0
0
0
0
0
0
0
0
1
0
1
0
2
2
2
4
4
5
7
8
9
10
12
11
11
8
5
3
1
0
0
0
0
0
0
1
0
0
0
1
1
2
0
1
0
2
0
0
0
1
0
3
3
4
7
9
12
12
15
18
19
23
23
25
27
29
30
31
33
34
39
38
41
41
42
40
41
39
40
39
37
36
38
38
39
40
40
41
43
43
45
48
53
54
56
59
61
64
63
65
65
65
68
70
70
69
70
70
72
72
75
76
78
79
80
81
79
77
77
75
77
75
75
73
73
70
70
69
68
68
70
72
74
75
76
76
78
79
81
82
84
86
89
92
94
99
99
99
99
99
100
99
99
100
99
100
100
100
100
99
99
99
99
100
100
99
99
98
100
98
99
98
99
100
99
99
99
99
99
99
99
100
99
100
100
100
100
100
98
98
98
99
97
97
96
96
95
95
94
93
92
91
90
89
86
87
86
86
85
85
84
81
80
77
76
73
73
69
67
63
61
60
57
57
56
56
56
54
53
51
49
46
43
39
36
33
33
34
34
35
33
30
28
26
23
21
19
15
14
14
13
13
12
12
13
12
11
11
11
10
12
15
16
18
20
21
25
28
30
31
30
32
32
32
34
33
34
34
35
35
36
39
38
38
37
37
35
38
39
41
43
45
46
49
49
52
54
58
59
63
67
69
73
73
77
81
83
85
88
90
94
97
97
99
99
99
98
99
99
99
98
99
99
99
99
99
100
99
100
100
99
98
96
96
95
95
92
93
89
88
87
85
84
83
82
80
78
78
75
73
69
68
65
63
61
59
57
53
49
43
43
43
