0
0
0
0
0
0
0
0
0
0
0
0
0
0
0
0
0
0
0
0
0
0
0
1
0
0
0
1
0
1
1
0
0
1
0
0
0
0
0
1
0
1
0
0
0
0
0
0
1
0
0
1
2
2
4
5
7
8
10
12
14
13
16
17
18
19
19
19
17
17
17
16
14
14
12
9
7
4
4
3
1
1
0
0
0
1
0
1
0
0
0
3
4
6
9
11
14
14
16
19
21
23
24
26
28
28
30
32
33
35
37
36
37
36
34
34
30
27
27
26
24
24
26
23
25
26
26
28
31
35
37
41
44
45
47
49
51
54
54
55
55
55
57
58
60
60
60
59
60
59
62
62
61
63
62
62
61
60
60
58
58
57
56
56
56
55
56
55
55
55
57
58
60
61
63
65
68
70
72
75
78
83
88
93
98
99
99
99
99
99
100
99
100
99
100
100
99
99
99
99
99
100
100
100
100
98
99
99
100
98
99
99
98
100
99
99
98
96
95
94
96
97
99
100
99
97
98
98
97
96
93
93
89
87
83
81
77
75
71
69
65
64
63
62
59
58
58
58
58
56
54
52
51
48
47
45
45
43
42
40
42
42
42
42
44
44
46
46
46
42
39
35
35
34
33
33
31
30
28
25
22
23
21
21
19
19
20
20
20
21
22
25
27
30
30
30
34
37
40
39
43
47
52
54
55
58
62
64
68
70
73
76
76
79
82
84
89
90
96
100
99
100
99
100
99
100
99
99
99
98
99
99
99
99
100
99
100
99
100
99
99
99
99
99
99
99
99
99
99
99
100
99
98
99
98
94
92
90
87
85
84
81
79
75
73
70
68
66
64
61
59
56
55
56
55
55
52
48
43
38
33
28
23
18
13
8
3
0
0
0
0
0
0
0
0
0
0
0
0
0
0
0
