0
0
0
0
0
0
0
0
0
0
0
0
0
0
0
0
0
0
0
0
0
0
0
1
0
1
0
1
0
0
0
1
1
0
0
1
1
1
0
0
0
1
0
0
0
0
0
0
1
0
2
0
2
3
4
6
8
8
9
11
12
13
15
16
17
18
19
18
16
15
14
13
13
15
16
19
18
16
15
13
11
10
10
9
9
9
8
10
7
9
6
7
8
11
13
15
16
17
17
18
18
20
23
24
26
27
29
29
30
29
31
30
34
33
34
34
34
35
35
37
37
37
38
38
39
39
40
39
41
43
46
48
51
52
53
54
53
57
58
59
59
62
62
60
64
65
66
66
67
69
69
72
74
74
73
73
70
67
67
66
65
63
65
62
63
61
62
62
61
60
62
64
65
67
70
72
73
75
76
77
79
83
86
89
92
95
99
99
98
99
100
99
99
99
100
99
100
100
100
100
99
100
99
100
100
98
100
99
100
98
99
98
99
100
99
99
99
99
100
99
99
100
100
100
100
100
100
100
99
99
98
99
98
99
98
99
99
98
97
97
97
97
97
96
98
99
97
99
98
99
100
98
96
93
92
87
87
83
80
78
78
79
79
78
77
78
77
75
74
71
68
65
61
57
54
50
49
47
45
45
45
45
43
41
42
42
40
38
34
31
28
25
21
20
18
16
15
13
12
10
12
12
15
16
18
22
24
27
28
31
31
31
30
33
32
32
32
34
33
33
32
32
32
34
32
32
31
35
36
36
38
39
38
39
41
42
44
45
47
49
53
58
63
65
68
72
74
75
78
79
82
82
81
83
84
88
92
93
93
96
95
99
100
99
100
100
100
99
100
100
100
99
99
98
99
100
98
99
99
99
99
99
99
99
100
99
100
99
99
100
97
97
95
94
92
91
90
89
85
82
82
82
