0
0
0
0
0
0
0
0
0
0
0
0
0
0
0
0
0
0
0
0
0
0
0
0
0
0
0
1
0
1
0
0
0
1
0
1
0
0
0
1
0
0
0
0
0
0
0
0
0
0
2
0
2
3
4
6
9
8
10
10
11
13
14
15
17
18
19
20
21
21
19
18
19
19
18
17
20
21
21
19
19
18
18
18
18
20
21
22
22
23
23
24
24
26
27
26
27
27
28
27
31
31
32
35
38
37
39
42
43
44
46
47
49
49
51
51
53
54
54
56
56
57
58
59
61
60
62
60
63
62
64
67
70
70
69
72
75
78
78
79
80
79
78
77
78
79
81
82
82
83
86
87
90
90
92
93
92
91
92
92
91
90
91
89
89
87
87
87
87
87
88
90
91
93
95
97
100
99
99
98
97
98
97
99
98
99
98
99
98
98
98
99
100
99
100
99
100
99
98
98
99
99
100
99
100
99
100
99
99
98
99
98
99
99
99
100
99
98
99
98
98
100
99
100
99
100
99
99
99
98
97
98
99
99
99
99
99
99
99
99
100
99
99
100
100
100
100
100
100
99
100
100
100
98
99
99
99
97
99
99
99
99
99
100
99
99
99
100
99
98
98
96
96
93
91
89
86
85
82
81
79
82
81
84
84
85
87
88
89
90
91
93
94
96
98
99
100
98
100
99
100
99
100
99
99
99
99
99
99
99
99
99
99
100
100
100
99
100
99
100
100
99
100
99
99
99
99
100
99
98
99
99
99
99
99
99
100
100
99
100
99
100
99
100
99
100
99
99
99
99
100
99
99
97
95
94
93
93
91
88
87
86
85
83
81
76
72
70
67
63
61
60
57
56
52
49
45
44
39
34
29
24
19
14
9
4
0
0
0
0
0
0
0
0
0
0
0
0
0
0
0
0
