0
0
0
0
0
0
0
0
0
0
0
0
0
0
0
0
0
0
0
0
0
0
0
0
0
1
0
0
1
0
1
1
1
1
1
0
1
1
0
1
0
1
0
0
0
0
0
0
0
0
1
0
2
2
2
4
4
5
7
8
9
10
12
11
11
8
5
3
2
2
1
3
4
3
1
3
4
2
3
2
3
4
2
1
0
0
0
1
0
1
1
2
3
6
8
9
10
12
13
15
17
20
19
22
26
26
30
31
32
32
35
33
35
32
31
29
28
27
28
26
28
26
27
27
28
26
29
32
33
34
36
37
40
41
40
42
40
42
41
41
41
42
41
41
41
43
44
47
47
47
48
49
47
48
46
46
45
43
43
44
45
46
47
47
49
49
51
52
53
55
58
61
64
68
72
75
78
80
84
88
92
96
99
100
99
99
99
99
99
99
100
99
100
100
100
99
100
100
99
99
100
100
99
99
100
98
100
98
100
98
99
98
98
99
99
99
98
100
99
98
99
100
100
100
100
100
99
100
98
98
95
95
92
90
90
88
86
83
82
80
77
76
73
74
72
71
69
70
70
70
69
67
66
64
62
60
61
58
56
54
55
54
52
51
51
49
49
48
47
45
41
38
36
34
34
33
31
31
30
29
26
23
19
15
12
11
9
7
10
10
10
9
9
10
10
10
9
9
8
7
9
13
17
20
23
27
28
32
34
36
39
41
42
42
44
45
46
47
48
50
51
53
54
57
58
60
61
63
65
65
63
65
66
70
74
80
81
85
87
91
93
96
100
100
99
100
99
99
99
99
100
99
98
99
98
99
99
99
98
100
99
100
100
99
99
99
99
99
100
99
100
99
99
99
97
97
93
91
89
88
85
84
82
79
78
78
77
74
71
70
68
66
63
59
55
51
47
43
41
38
38
38
