0
0
0
0
0
0
0
0
0
0
0
0
0
0
0
0
0
0
0
0
0
0
0
1
0
1
0
1
0
1
0
1
0
1
0
0
0
1
0
0
0
1
0
0
0
0
0
0
0
0
1
3
2
4
5
6
7
9
11
12
14
15
16
18
19
21
20
20
18
18
17
18
20
23
25
28
30
30
28
27
30
32
31
30
28
28
28
30
29
30
31
32
35
36
38
38
37
38
39
39
40
40
41
40
42
42
42
44
45
46
49
48
50
51
51
54
58
60
62
64
66
66
66
67
69
69
69
70
70
70
72
74
76
78
82
83
83
87
86
88
86
87
86
85
85
84
84
84
85
84
85
83
85
88
89
91
90
88
88
88
88
87
88
88
88
86
88
86
86
85
87
89
91
91
93
97
100
99
99
100
99
99
99
99
99
99
98
98
98
97
96
97
98
100
100
100
100
100
99
100
98
100
99
100
99
99
99
99
99
99
98
98
99
99
99
100
99
100
99
99
99
100
99
100
100
100
99
100
99
99
98
99
98
99
98
99
99
99
99
99
99
99
99
99
99
100
100
99
99
100
99
99
98
96
96
93
92
89
86
84
84
86
87
88
89
90
91
91
92
91
89
86
84
81
79
75
73
70
66
66
65
64
65
64
64
65
66
66
64
64
65
64
65
63
61
61
59
58
56
55
56
58
61
63
64
67
67
70
71
73
75
76
76
78
81
83
84
84
85
87
88
90
91
92
91
92
94
96
96
98
98
99
99
99
99
99
100
99
100
99
99
100
100
99
100
99
99
99
100
99
100
99
99
99
99
99
99
100
99
100
99
100
100
100
98
98
100
99
99
99
100
100
99
99
99
100
99
98
99
99
99
99
99
98
98
98
97
94
92
90
87
86
83
83
80
78
76
74
75
75
75
75
