0
0
0
0
0
0
0
0
0
0
0
0
0
0
0
0
0
0
0
0
0
0
0
1
0
1
0
1
1
1
1
1
1
0
1
1
0
1
0
1
0
1
1
1
1
0
1
0
1
0
2
0
2
3
4
6
9
8
11
11
13
14
14
17
19
20
21
22
21
20
19
17
16
16
15
17
18
19
20
22
23
27
29
29
29
30
29
30
29
31
31
33
36
40
41
43
45
48
50
53
53
54
55
57
59
59
60
63
63
64
68
67
68
69
72
72
75
75
79
79
80
81
83
83
85
84
86
86
85
85
88
90
92
94
94
98
99
100
98
99
98
97
98
97
96
97
95
95
95
95
94
95
96
98
98
100
99
99
99
99
100
99
98
97
97
96
97
96
94
93
95
96
99
99
99
100
100
100
100
98
99
99
97
99
98
97
98
97
96
93
93
92
93
94
95
97
98
99
100
100
100
100
99
100
99
99
100
98
97
96
97
97
99
100
99
100
99
100
99
98
99
99
100
100
99
100
100
99
99
99
99
100
97
98
98
99
99
99
99
99
100
99
98
99
99
99
100
100
99
99
100
100
100
99
100
98
100
99
99
98
99
100
99
100
99
100
100
100
100
99
100
99
99
99
99
99
99
99
98
99
98
98
97
98
98
99
99
99
99
99
100
99
98
99
99
98
97
98
99
97
99
99
99
99
99
98
99
99
99
99
99
98
98
99
100
99
99
100
100
100
100
100
100
100
99
100
99
100
99
99
99
99
99
99
99
99
100
99
99
99
99
100
100
99
100
100
100
99
100
99
100
98
99
98
99
98
99
100
99
100
99
100
100
100
100
99
100
100
100
99
100
99
99
100
99
100
99
99
99
99
100
99
100
98
100
100
99
97
93
91
88
88
85
81
77
74
70
67
65
60
60
60
