0
0
0
0
0
0
0
0
0
0
0
0
0
0
0
0
0
0
0
0
0
0
0
1
0
1
0
0
0
1
0
1
1
1
0
0
0
1
0
1
0
0
0
0
0
0
0
0
0
0
2
2
3
4
4
6
8
9
11
11
13
13
14
16
17
19
19
20
19
18
19
19
19
19
20
23
25
26
28
26
27
28
28
27
26
26
26
25
25
29
29
30
32
33
36
37
37
39
38
38
40
42
42
42
44
44
47
49
52
52
55
56
59
58
60
61
63
64
66
67
69
68
70
70
71
72
73
73
73
72
73
75
77
78
80
81
82
86
88
88
87
87
89
87
87
87
88
88
86
87
88
89
90
92
94
97
96
95
96
95
93
92
92
91
91
91
92
94
92
94
95
97
99
100
100
100
99
100
100
99
98
99
99
100
98
98
99
99
99
99
99
99
100
99
100
100
99
100
99
100
100
100
100
100
99
99
99
98
99
98
99
99
99
99
99
99
99
99
99
100
100
99
99
100
99
100
100
100
98
99
99
99
99
99
99
99
98
99
100
98
98
97
98
98
98
100
100
100
100
98
98
98
96
93
92
87
88
84
83
82
81
82
81
80
80
78
77
76
75
72
71
67
66
63
61
59
56
55
51
52
50
50
49
49
49
48
46
44
41
38
36
33
33
32
29
28
27
25
26
26
26
26
28
28
31
31
36
40
42
45
48
48
48
48
48
47
49
49
51
54
53
54
55
57
56
59
58
59
58
60
60
63
62
60
59
60
60
64
67
68
70
74
76
78
82
84
88
90
93
94
96
97
99
99
99
99
99
99
99
99
99
100
100
99
100
99
100
99
100
100
99
100
99
98
99
99
99
98
100
99
99
98
97
96
97
97
96
97
96
95
93
90
88
86
83
79
78
77
76
72
72
72
