0
0
0
0
0
0
0
0
0
0
0
0
0
0
0
0
0
0
0
0
0
0
0
0
0
1
0
0
1
0
0
1
0
0
0
1
0
0
0
1
0
0
0
0
0
0
0
0
0
0
2
0
2
3
4
6
8
8
10
11
13
13
16
17
19
21
21
21
19
18
18
18
18
19
20
20
22
24
23
25
27
28
27
27
25
24
21
22
21
21
21
23
25
24
26
25
27
27
29
30
30
32
33
32
32
32
31
32
32
32
36
35
39
40
43
46
48
47
48
51
51
49
51
52
52
51
50
52
52
53
55
56
56
59
60
61
61
64
63
64
65
66
65
66
68
71
73
74
76
77
78
80
81
84
84
84
84
83
84
83
84
83
83
82
83
84
84
84
83
84
85
88
89
90
93
95
95
97
99
99
98
100
98
99
99
99
99
99
98
99
100
98
100
100
99
100
100
100
98
100
100
100
100
100
100
98
99
99
100
99
99
99
99
100
99
100
99
100
99
99
99
100
99
100
100
100
99
100
98
99
99
99
99
99
98
99
98
99
100
99
98
99
99
98
99
100
98
99
98
99
99
98
96
92
92
91
90
88
86
85
85
85
85
86
87
87
87
87
86
83
82
79
76
73
70
68
64
62
59
60
60
61
61
60
62
63
65
65
66
65
67
65
64
61
61
59
56
56
57
52
55
54
58
58
60
62
63
65
70
71
72
71
71
71
74
74
75
76
78
78
79
80
82
82
82
86
86
87
90
91
92
94
94
98
99
99
99
99
100
99
99
99
100
99
100
100
100
99
100
99
100
99
99
99
99
99
99
100
99
100
99
100
99
100
100
99
99
99
99
99
100
99
99
99
99
99
97
99
98
98
100
99
98
98
99
98
97
95
95
93
90
90
88
86
81
78
79
77
75
75
75
75
