0
0
0
0
0
0
0
0
0
0
0
0
0
0
0
0
0
0
0
0
0
0
0
0
0
1
0
0
1
1
0
1
0
0
1
1
0
0
0
1
0
1
0
0
0
0
0
0
0
0
2
1
2
3
3
3
4
6
7
8
9
10
10
9
9
7
5
5
4
5
4
5
6
7
6
6
7
6
7
5
4
4
3
2
1
2
0
2
0
2
2
4
4
6
9
11
12
12
16
18
20
22
25
24
28
28
30
31
35
34
39
38
42
41
43
42
40
39
38
36
35
34
34
34
36
36
36
38
39
42
45
50
53
53
56
60
61
65
67
68
71
72
74
75
76
76
78
79
81
80
81
82
82
83
82
83
82
81
82
80
80
79
79
77
77
76
76
76
77
75
77
77
80
81
82
84
86
88
88
92
92
95
98
99
99
99
99
99
99
99
100
99
100
100
99
100
100
100
100
100
100
100
100
99
100
99
100
99
100
99
99
99
99
100
99
99
99
99
99
99
99
100
100
100
99
100
100
100
99
100
98
99
98
99
98
99
99
99
98
98
98
97
97
97
96
96
97
99
98
98
100
100
99
95
95
92
91
87
84
82
83
84
86
87
87
87
89
90
91
89
87
83
80
76
74
71
68
67
64
62
61
59
60
59
58
59
61
62
61
62
63
66
69
72
74
73
73
73
74
72
76
75
78
80
84
86
88
91
94
98
99
100
99
100
100
100
99
100
99
100
99
100
99
100
99
100
99
100
99
98
99
99
98
99
99
99
98
98
98
99
100
100
100
100
99
100
100
99
99
99
100
99
98
98
98
99
99
99
99
99
99
99
100
100
100
98
97
94
91
89
88
86
83
83
82
82
80
78
76
73
75
73
72
69
67
65
64
62
58
53
48
43
38
33
28
22
18
12
8
2
2
2
