0
0
0
0
0
0
0
0
0
0
0
0
0
0
0
0
0
0
0
0
0
0
0
1
0
1
0
1
0
1
0
0
0
1
1
1
1
1
1
1
1
1
1
0
0
0
0
0
1
0
1
3
2
3
5
6
7
9
9
10
12
13
14
16
18
18
18
22
21
22
21
21
20
20
20
18
19
21
22
23
25
28
29
29
28
27
26
26
25
26
26
27
28
29
31
31
31
33
35
38
39
42
43
46
48
49
52
55
56
57
60
60
63
62
64
64
65
67
68
71
72
72
72
72
73
73
75
74
75
77
77
80
81
82
82
82
81
83
85
86
86
86
84
83
83
82
81
82
83
83
87
88
89
90
91
92
93
94
95
94
95
94
93
92
90
88
88
89
88
87
88
91
93
93
94
94
96
99
99
100
99
100
98
100
99
99
99
99
99
99
99
99
99
100
99
99
100
100
99
99
99
99
99
100
100
98
100
98
99
99
99
99
99
99
99
100
99
99
100
99
99
100
100
100
100
100
100
100
98
99
98
100
99
99
98
99
99
99
100
99
99
99
100
99
100
100
100
100
100
99
99
99
99
98
99
97
100
99
97
97
99
100
98
100
99
99
99
100
100
99
97
95
94
94
92
91
88
88
86
86
84
84
82
81
82
81
84
85
87
86
86
87
88
88
87
87
89
90
91
91
93
93
96
98
99
99
99
99
99
100
99
99
99
99
100
100
100
100
99
100
100
100
99
100
99
100
98
99
99
99
99
99
99
99
100
97
98
100
100
99
99
99
100
99
100
100
100
99
100
99
100
99
98
99
99
99
99
100
99
100
99
100
100
100
100
100
100
99
100
100
100
100
99
100
99
100
99
99
99
99
100
99
99
99
99
98
96
96
94
92
87
84
82
80
77
74
72
69
67
64
64
64
