0
0
0
0
0
0
0
0
0
0
0
0
0
0
0
0
0
0
0
0
0
0
0
0
0
1
0
0
0
0
1
0
0
0
0
1
0
1
0
1
0
0
0
0
0
0
0
0
0
0
2
0
2
3
4
6
8
9
10
10
12
13
14
17
18
20
21
22
21
20
19
20
20
20
22
22
22
21
20
18
16
14
9
7
5
3
1
1
1
1
0
2
3
5
7
8
9
11
14
16
18
19
21
21
24
23
25
28
31
28
31
31
33
29
29
28
26
24
21
20
20
20
20
20
19
23
25
26
29
32
37
37
39
40
38
40
38
39
40
42
44
45
47
47
50
52
53
54
53
54
57
57
58
57
57
56
56
55
54
52
51
51
50
50
49
51
50
50
51
51
54
58
61
63
66
68
70
72
74
76
78
83
87
92
96
99
99
99
99
99
100
99
100
99
99
100
100
100
99
99
99
99
100
99
100
99
99
99
100
98
99
97
97
97
96
97
96
96
95
96
97
99
99
99
99
99
99
100
98
97
94
92
89
87
84
82
79
76
72
69
65
63
60
59
59
58
58
59
57
59
56
54
52
50
48
46
46
43
42
41
41
41
42
42
44
43
41
38
37
33
30
29
29
28
30
29
27
25
20
19
16
13
10
10
13
15
16
18
17
17
19
19
19
20
23
22
23
27
27
26
31
32
36
37
43
45
49
52
56
60
63
69
73
76
82
84
87
87
90
93
97
100
99
100
99
99
99
99
98
99
99
99
99
99
100
99
99
99
100
99
99
100
99
100
99
99
99
99
99
99
100
99
99
99
99
97
94
94
91
87
84
84
82
79
76
75
75
73
74
74
75
74
71
68
64
62
57
52
47
42
37
32
27
22
17
12
7
2
0
0
0
0
0
0
0
0
0
0
0
0
0
0
