0
0
0
0
0
0
0
0
0
0
0
0
0
0
0
0
0
0
0
0
0
0
0
0
0
0
0
0
1
1
0
1
1
1
0
0
0
0
0
0
0
0
0
0
0
0
0
0
0
0
2
0
2
3
4
6
7
8
10
12
13
13
15
17
18
20
21
22
20
17
16
16
15
13
12
11
9
7
6
5
3
1
3
4
4
2
0
2
0
2
1
3
5
9
9
11
12
13
15
16
17
17
18
19
22
22
24
25
27
28
29
30
33
33
33
31
30
30
29
28
27
28
28
30
30
33
33
33
35
37
41
42
45
44
47
48
49
51
50
52
53
54
53
53
55
54
55
56
57
56
58
58
57
56
56
54
52
49
50
49
48
49
49
49
49
49
49
51
49
51
53
55
58
61
64
67
71
76
79
83
86
91
95
100
99
99
99
99
98
99
100
99
100
100
99
100
100
99
99
100
100
99
100
99
99
99
99
99
99
99
99
98
98
99
99
99
98
99
98
98
99
99
99
100
99
98
98
99
98
99
96
95
91
89
88
86
83
81
79
76
72
70
68
67
66
65
63
63
63
62
61
59
58
55
55
52
51
47
48
47
46
46
47
47
47
48
50
49
47
45
43
39
40
40
40
42
39
43
41
42
42
44
43
44
42
44
42
44
42
42
43
43
42
44
47
47
47
49
53
54
54
58
63
62
67
71
75
77
79
80
84
85
87
88
90
90
92
93
94
98
99
100
99
99
99
100
99
100
99
99
99
99
100
99
100
99
100
99
100
100
99
99
99
99
99
100
99
99
99
99
100
98
97
96
95
94
92
89
88
87
85
84
84
79
75
71
71
67
63
61
60
58
54
52
48
47
43
42
38
33
28
23
18
13
8
3
0
0
0
0
0
0
0
0
0
0
0
0
0
0
0
0
