0
0
0
0
0
0
0
0
0
0
0
0
0
0
0
0
0
0
0
0
0
0
0
1
0
1
0
1
0
1
0
1
0
1
0
1
0
1
0
1
0
1
0
0
0
0
0
0
1
0
1
3
2
4
5
7
7
9
10
12
12
12
14
16
17
19
19
21
21
21
20
21
21
20
21
24
26
28
30
32
34
35
35
35
34
33
32
32
31
31
31
32
33
34
35
36
37
37
39
39
40
40
42
42
43
43
45
44
48
48
52
52
56
56
58
59
62
64
67
70
71
72
75
77
78
79
82
81
81
84
86
86
89
90
91
92
94
96
96
96
97
96
96
94
93
92
92
90
91
91
91
90
93
95
95
97
98
99
100
99
99
97
99
98
98
97
96
96
96
94
96
98
100
99
100
99
99
100
100
100
98
100
97
99
98
98
99
99
98
99
99
97
97
97
98
99
99
99
99
99
99
100
99
100
99
99
100
99
98
97
95
94
93
93
94
94
94
95
96
97
99
100
99
100
99
100
100
100
99
99
99
99
98
99
98
99
98
99
100
99
100
98
99
100
99
99
99
99
99
99
99
99
97
95
94
91
92
88
85
83
82
84
84
86
86
87
88
89
89
87
84
83
80
78
76
74
70
69
65
65
65
66
65
68
67
70
70
71
70
71
73
74
75
75
78
82
86
89
95
95
100
99
100
99
99
99
99
99
99
99
99
99
99
100
100
99
99
99
100
100
100
100
100
100
99
100
99
99
99
99
99
98
100
98
99
99
99
100
100
100
100
100
100
100
99
100
99
99
99
99
100
99
99
99
98
99
99
99
98
98
99
99
99
99
98
95
94
90
89
88
85
81
78
75
72
69
67
65
62
61
61
58
58
58
55
53
51
49
46
45
41
36
31
26
21
15
11
5
1
0
0
0
