0
0
0
0
0
0
0
0
0
0
0
0
0
0
0
0
0
0
0
0
0
0
0
1
0
0
0
0
0
0
0
1
0
0
0
1
0
1
0
1
0
0
0
0
0
0
0
0
0
0
0
1
2
2
4
5
6
7
8
10
11
13
13
15
17
17
17
16
14
13
14
14
16
13
10
7
4
3
4
3
4
5
1
2
1
2
1
1
0
0
0
3
4
6
9
11
15
16
17
20
21
23
24
24
27
28
31
30
34
34
38
38
40
35
33
33
32
29
29
27
27
26
26
26
24
25
26
28
32
32
37
38
38
40
40
41
41
42
42
40
38
40
41
41
42
43
45
46
47
47
50
51
50
49
49
50
48
48
47
45
46
45
45
46
48
46
46
48
49
48
50
51
53
55
58
61
65
68
73
75
80
85
90
94
98
99
99
99
99
99
100
99
100
100
100
99
100
99
100
99
99
99
99
100
100
98
99
98
99
99
99
98
98
98
97
97
96
96
94
93
94
95
94
95
95
95
95
94
94
93
90
88
85
82
80
77
73
71
69
65
61
59
55
55
54
54
52
52
53
53
52
52
51
47
46
43
45
41
40
40
41
42
42
43
44
43
46
48
50
48
47
48
47
47
48
47
46
47
45
49
49
49
48
48
46
46
44
44
44
44
45
45
45
45
46
45
50
51
54
58
62
66
72
75
80
84
87
88
92
93
96
100
99
99
99
99
99
99
99
100
99
100
100
99
99
100
99
100
99
99
99
99
100
99
100
99
99
99
100
99
99
99
99
99
100
100
99
98
99
99
100
98
97
95
94
92
88
84
79
76
73
70
68
65
62
61
61
61
63
64
65
62
56
52
46
42
36
31
26
21
16
11
6
1
0
0
0
0
0
0
0
0
0
0
0
0
0
0
0
0
0
0
