0
0
0
0
0
0
0
0
0
0
0
0
0
0
0
0
0
0
0
0
0
0
0
1
0
1
0
1
0
0
0
1
0
1
1
0
1
1
0
1
0
1
0
0
0
0
0
0
1
0
1
3
2
4
5
7
8
10
12
13
14
16
17
18
20
20
21
23
21
21
18
17
17
17
17
17
18
21
21
22
23
22
22
22
21
22
21
24
26
28
29
33
35
36
37
38
38
39
40
41
42
44
46
48
51
51
52
53
55
56
59
59
61
61
63
64
64
65
67
68
69
72
72
74
74
74
75
79
78
80
80
83
85
85
87
91
92
98
99
99
98
99
97
96
95
95
95
93
94
92
94
95
97
98
97
99
100
99
100
98
98
96
97
95
96
95
95
95
94
94
95
96
97
97
98
99
100
100
100
98
99
99
99
99
98
97
99
99
97
96
95
92
95
96
98
99
99
99
100
100
100
99
99
99
99
99
99
97
97
97
99
97
98
98
97
97
96
97
98
98
99
100
99
100
98
100
100
100
99
100
98
99
98
99
99
99
98
99
99
99
99
99
99
100
99
100
100
99
100
100
100
99
99
99
99
99
100
98
99
98
99
100
99
99
99
100
99
98
99
98
97
97
95
93
90
88
85
84
81
80
75
74
72
70
70
69
68
67
67
68
68
67
64
64
64
63
63
60
60
58
60
60
63
63
64
63
63
64
65
66
65
64
65
66
67
67
68
68
70
72
72
73
74
77
77
77
78
80
79
82
82
84
86
87
89
89
91
92
91
90
92
95
98
98
100
100
100
99
100
99
100
99
99
98
99
98
99
100
99
100
99
99
98
100
99
99
99
99
100
99
100
99
99
99
99
100
99
99
99
98
100
98
98
99
99
100
100
98
98
98
97
96
94
92
88
85
83
79
78
74
74
74
