0
0
0
0
0
0
0
0
0
0
0
0
0
0
0
0
0
0
0
0
0
0
0
0
0
0
0
1
0
0
0
0
1
1
0
0
0
1
0
0
0
1
0
0
0
0
0
0
0
0
2
0
2
2
2
4
4
5
7
8
9
10
12
11
11
9
6
6
7
6
6
6
6
4
0
0
1
1
0
1
1
1
0
1
1
0
0
1
0
1
1
2
3
5
7
8
11
13
13
17
17
18
20
21
25
25
29
28
29
32
35
34
34
33
33
31
31
28
29
28
29
30
29
29
30
33
34
36
35
37
39
42
44
45
46
46
46
47
47
49
47
47
49
50
50
50
51
50
50
51
55
56
56
56
55
54
52
51
52
52
52
50
51
51
51
50
52
54
54
55
57
62
64
67
71
74
78
82
87
90
94
99
99
100
99
99
99
99
98
99
100
99
100
100
99
100
99
100
100
98
99
100
100
99
100
98
100
99
99
99
99
98
98
97
97
97
98
97
96
95
99
99
99
100
99
100
99
99
99
99
97
98
95
94
92
91
88
89
87
84
81
78
76
74
73
72
71
69
70
69
70
68
67
64
62
58
60
57
56
53
54
54
53
53
52
51
50
48
48
47
46
45
46
46
47
48
47
49
50
53
52
55
56
57
56
55
57
58
58
59
59
60
60
61
61
61
62
64
63
65
69
73
79
83
88
91
93
95
99
99
99
100
99
99
100
99
100
99
100
100
100
100
100
99
99
100
99
99
98
99
99
99
98
99
99
99
100
99
100
100
99
100
99
98
99
99
99
99
99
99
99
97
97
95
94
93
91
90
87
85
83
81
80
76
75
71
69
70
69
69
68
67
65
63
57
53
47
42
37
32
27
22
17
12
7
2
0
0
0
0
0
0
0
0
0
0
0
0
0
0
0
0
