0
0
0
0
0
0
0
0
0
0
0
0
0
0
0
0
0
0
0
0
0
0
0
1
0
1
0
1
0
1
1
1
1
1
1
1
1
1
0
1
0
1
0
0
0
0
0
0
1
0
0
2
3
3
4
6
7
8
9
11
11
13
15
16
18
19
19
21
22
20
21
21
20
20
22
23
26
27
29
30
31
33
32
33
32
32
30
31
28
29
28
28
28
29
30
31
31
31
32
33
34
36
36
37
38
37
39
40
41
43
47
48
49
51
52
53
56
60
61
65
68
68
70
71
74
74
77
77
77
78
81
83
84
86
90
89
90
91
90
91
90
89
87
86
88
86
86
87
87
89
91
92
91
92
95
95
97
99
98
98
99
98
96
94
94
93
92
93
91
91
93
94
97
98
99
100
99
100
98
99
98
99
99
99
99
99
99
99
98
98
98
97
98
97
98
99
99
99
100
100
100
100
100
100
100
98
99
99
99
98
98
98
99
98
97
98
98
100
100
99
100
100
99
99
100
100
100
100
98
99
99
99
98
99
99
99
98
99
99
99
100
99
98
100
100
100
100
99
99
100
99
100
99
98
99
99
99
97
97
97
99
100
99
99
99
100
99
99
99
97
96
95
93
90
88
86
82
80
77
75
73
72
71
71
71
69
69
67
67
66
65
61
59
59
57
57
56
56
55
54
56
57
59
60
61
63
65
65
66
67
65
66
67
67
68
69
71
70
73
74
74
75
75
75
76
79
77
79
78
80
81
83
83
83
83
86
88
90
91
92
93
95
100
100
99
100
99
98
100
99
100
98
99
99
99
99
99
100
98
99
99
99
100
99
98
99
100
99
99
100
100
99
99
100
99
100
99
99
99
99
99
99
100
99
99
100
99
100
100
99
100
100
99
97
98
98
96
93
90
86
86
86
