0
0
0
0
0
0
0
0
0
0
0
0
0
0
0
0
0
0
0
0
0
0
0
0
0
1
0
1
1
0
1
1
1
1
0
1
1
1
0
1
0
0
0
0
0
0
0
0
1
0
1
0
2
2
2
4
4
5
6
7
8
10
11
11
10
8
5
5
5
5
6
4
2
2
2
2
5
7
8
9
7
8
8
5
4
4
3
3
0
1
1
2
6
7
9
11
13
13
14
15
18
19
21
22
26
27
27
29
31
29
31
30
31
28
28
26
25
25
24
23
25
25
25
26
28
28
32
34
34
35
40
42
43
44
43
44
44
44
44
46
47
48
48
49
51
51
52
51
51
52
53
55
56
57
53
54
52
49
49
47
48
47
46
46
47
46
48
48
48
48
50
52
56
59
62
64
67
70
74
76
77
82
85
89
94
99
99
99
99
99
100
99
100
99
100
99
100
100
99
99
99
100
99
99
100
99
99
98
99
99
99
98
99
100
99
99
98
99
99
99
99
100
100
99
99
100
99
100
98
98
96
94
94
91
89
89
86
84
82
78
75
72
69
69
68
68
67
65
65
66
64
64
62
60
60
57
57
54
55
52
52
53
53
53
54
54
54
53
52
50
48
44
46
46
46
43
44
45
46
49
50
51
50
52
50
52
50
51
49
50
48
48
50
52
52
53
54
53
55
59
65
68
71
73
77
79
83
84
87
88
92
96
97
100
100
99
99
100
99
100
100
100
100
99
98
99
99
100
99
99
99
99
99
99
100
99
99
100
100
99
99
100
99
100
99
100
99
98
98
99
99
99
98
99
98
96
96
95
93
90
88
87
83
81
79
77
75
74
73
70
68
66
62
60
54
51
47
46
44
44
42
37
32
27
22
17
12
7
2
0
0
0
0
0
0
0
0
0
0
0
0
0
