0
0
0
0
0
0
0
0
0
0
0
0
0
0
0
0
0
0
0
0
0
0
0
0
0
0
0
0
0
1
1
0
1
0
1
1
0
1
0
0
0
1
0
0
0
0
0
0
0
0
1
0
2
2
2
4
4
5
7
8
9
10
12
11
11
9
5
5
5
4
2
0
0
0
0
0
0
0
1
0
0
0
0
2
1
1
0
2
0
0
0
1
1
4
6
9
9
12
13
14
17
18
19
20
24
24
27
28
29
29
31
27
27
24
22
21
19
18
20
21
19
19
20
21
21
21
23
24
26
25
25
24
23
20
20
21
22
27
28
32
34
34
38
38
40
40
42
43
45
45
45
46
46
45
45
45
45
44
44
44
46
46
48
49
51
52
54
56
58
61
65
69
73
76
79
82
86
89
92
95
97
100
98
100
99
99
99
99
98
99
99
99
99
99
100
99
99
99
99
100
99
100
99
99
99
98
99
99
100
98
97
95
94
93
92
91
89
87
86
84
85
84
83
84
83
83
82
82
80
77
73
72
68
65
61
59
55
52
50
49
49
49
48
47
47
43
41
38
38
35
34
31
31
29
28
26
25
22
22
19
20
22
22
22
23
24
23
23
23
24
24
23
21
20
19
16
11
10
7
6
5
2
1
2
3
6
7
7
8
7
6
7
9
11
12
12
16
15
17
16
19
20
23
25
30
34
39
43
45
50
50
52
54
57
57
62
64
66
69
73
75
77
77
83
83
88
91
92
95
98
99
99
99
99
100
99
98
99
98
97
98
100
99
100
99
100
98
99
99
99
99
99
97
99
97
95
92
90
88
86
84
82
81
80
76
74
71
71
71
70
69
69
68
69
67
65
59
54
49
44
39
34
29
24
19
14
9
4
0
0
0
0
0
0
0
0
0
0
0
0
0
0
