0
0
0
0
0
0
0
0
0
0
0
0
0
0
0
0
0
0
0
0
0
0
0
1
0
1
0
1
0
0
0
0
1
1
0
1
1
0
0
1
0
1
0
0
0
0
0
0
0
0
2
0
2
3
4
6
8
8
10
11
12
13
14
17
17
18
16
14
12
10
10
11
12
14
13
14
13
14
13
10
7
4
1
1
1
2
0
1
0
1
0
0
0
0
1
1
4
5
5
7
8
9
8
10
9
7
7
6
6
4
3
0
1
1
0
0
1
0
1
1
0
1
2
0
0
0
0
0
0
1
2
2
5
6
10
14
17
22
24
27
28
29
30
31
34
35
37
37
38
39
39
40
40
41
42
43
44
45
46
44
46
46
48
47
48
47
48
46
47
47
49
52
54
56
57
56
59
61
61
61
63
66
66
67
68
70
73
74
74
72
73
73
71
70
68
68
64
64
66
66
67
66
64
64
63
61
62
60
59
56
55
53
51
49
47
46
45
42
39
35
34
34
34
31
31
31
30
28
26
24
24
23
22
20
20
19
17
16
16
16
16
15
14
14
14
13
13
13
12
12
13
14
13
12
14
14
17
15
18
19
23
27
31
36
39
44
49
53
57
62
66
68
70
73
76
80
80
85
87
89
94
96
96
99
99
99
100
98
100
99
99
99
100
100
100
99
100
98
100
99
100
99
100
99
99
99
99
99
98
100
98
99
98
99
97
93
92
90
88
86
84
82
82
79
77
76
77
77
77
76
75
75
74
75
78
79
78
79
80
79
79
79
80
81
81
81
81
81
83
82
83
81
78
74
70
65
60
55
51
47
44
40
37
34
31
28
26
22
17
12
7
2
0
0
0
0
0
0
0
0
0
0
0
0
0
0
0
0
0
0
0
0
0
0
0
0
0
0
0
0
0
0
