0
0
0
0
0
0
0
0
0
0
0
0
0
0
0
0
0
0
0
0
0
0
0
0
0
0
0
1
0
1
0
1
0
1
0
1
0
1
0
1
0
1
0
0
0
0
0
0
1
0
1
1
2
2
2
4
5
6
7
8
9
11
11
11
11
8
6
5
5
5
6
8
6
5
4
3
3
3
4
5
5
5
3
6
6
6
4
6
7
10
11
12
13
15
14
16
19
20
22
24
25
25
26
27
28
28
29
28
29
29
32
32
35
35
38
40
44
44
47
48
50
52
52
53
56
54
55
54
53
54
56
57
63
62
64
64
64
66
68
67
67
66
67
67
69
70
72
75
74
76
77
80
81
82
82
81
79
78
79
79
79
78
79
78
79
79
77
80
79
79
80
83
85
87
89
90
92
93
95
97
97
98
98
99
98
99
99
99
99
99
100
99
100
99
99
99
98
99
100
100
100
100
100
100
100
99
100
98
99
98
99
98
99
99
99
100
99
100
99
100
100
100
99
100
100
100
99
100
99
99
98
99
99
99
98
99
99
99
99
98
99
99
98
97
97
98
99
100
100
98
99
100
97
94
91
88
89
86
83
81
80
80
79
79
79
79
79
78
77
73
69
67
64
61
59
55
53
51
51
51
48
47
46
45
44
45
43
42
39
36
33
29
25
21
19
17
16
15
13
12
13
13
15
14
18
19
21
23
26
29
29
31
30
31
31
32
32
32
32
32
33
33
33
31
30
30
29
32
31
33
33
33
33
34
37
38
42
46
48
52
56
59
63
65
68
70
73
75
79
81
84
86
87
89
89
91
91
95
97
100
99
99
100
99
100
99
100
98
100
100
100
99
99
99
99
99
98
99
99
99
99
99
99
98
99
98
99
98
100
98
98
97
95
96
94
91
90
86
84
79
79
79
