0
0
0
0
0
0
0
0
0
0
0
0
0
0
0
0
0
0
0
0
0
0
0
0
1
1
0
1
1
1
1
1
1
0
0
1
0
0
0
1
0
1
0
0
0
0
0
0
1
1
2
2
5
5
6
7
8
10
12
12
14
15
15
18
19
20
21
23
21
20
20
18
18
16
16
17
19
21
23
24
26
29
27
29
29
28
27
28
27
29
31
34
36
40
43
43
46
48
49
51
52
54
55
56
58
57
58
61
63
64
66
66
69
68
70
70
72
72
75
78
79
80
83
85
86
87
88
90
90
92
93
95
95
99
99
99
99
100
99
98
97
98
96
96
93
93
92
92
90
90
89
89
90
90
90
90
89
88
90
92
94
93
92
92
91
91
90
90
90
90
92
93
93
94
97
98
99
100
100
100
99
100
99
100
99
99
99
99
98
96
96
96
97
99
100
100
100
100
99
99
99
100
98
100
100
98
98
99
98
98
98
99
99
99
99
98
99
100
100
99
99
100
100
100
99
100
100
100
99
100
99
99
99
99
98
99
98
99
100
99
99
99
100
100
99
99
99
99
100
100
99
99
97
95
94
92
90
86
84
82
83
84
85
84
85
87
86
87
88
87
86
84
82
81
79
77
73
72
70
70
69
71
71
72
72
74
75
75
77
77
78
80
79
80
83
83
85
87
91
94
100
99
100
99
99
99
99
99
99
99
99
99
99
100
99
100
99
100
100
100
100
100
100
99
99
100
99
100
99
99
99
99
99
99
99
99
99
100
99
100
99
100
99
100
99
100
99
99
99
99
99
99
99
99
99
99
99
99
99
99
97
96
93
91
90
89
88
83
79
78
78
76
75
74
71
70
65
65
63
59
54
49
44
39
34
29
24
19
14
9
4
0
0
0
0
0
0
0
0
0
0
0
