0
0
0
0
0
0
0
0
0
0
0
0
0
0
0
0
0
0
0
0
0
0
0
1
0
1
0
1
0
1
0
1
0
1
0
1
0
1
0
1
0
1
0
0
0
0
0
0
1
0
1
3
2
4
5
7
8
10
12
13
14
16
17
17
19
19
20
23
22
22
20
20
18
17
18
18
18
20
22
23
25
26
25
26
25
24
23
24
22
23
25
28
31
33
36
37
38
39
42
44
45
47
48
51
53
52
56
56
57
58
60
60
64
65
67
68
71
72
75
75
77
78
79
79
79
81
82
83
82
84
84
88
90
90
90
94
94
97
96
98
97
98
97
95
95
96
95
94
94
94
94
95
95
97
97
100
99
99
99
99
99
99
98
98
98
96
97
96
96
97
99
99
100
99
99
100
99
99
100
99
99
99
98
100
98
99
99
99
99
96
95
94
95
95
97
95
96
97
97
97
97
97
98
100
100
99
99
99
98
97
97
97
98
98
99
100
99
99
100
99
100
99
100
100
100
100
100
100
99
100
98
99
99
99
99
99
99
99
100
99
98
99
98
100
99
100
99
100
99
99
97
97
97
96
95
93
92
89
86
83
84
84
85
84
85
86
87
88
89
88
87
86
84
82
81
80
76
74
71
68
67
69
68
69
69
71
71
72
72
74
74
74
75
76
77
77
78
78
78
79
82
86
91
91
94
96
98
99
99
99
98
99
99
98
100
100
99
99
100
100
100
100
99
100
99
99
99
100
99
98
99
99
100
99
100
99
100
100
100
98
99
100
99
100
99
99
99
99
99
99
100
99
99
99
99
100
99
99
98
100
99
99
96
97
98
96
95
91
87
85
85
84
81
79
75
75
72
71
69
65
62
59
57
55
53
50
45
40
35
30
25
20
15
10
5
0
0
0
0
0
0
0
