0
0
0
0
0
0
0
0
0
0
0
0
0
0
0
0
0
0
0
0
0
0
0
1
0
1
0
1
0
1
0
1
0
1
0
1
0
1
0
1
0
1
0
0
0
0
0
0
1
0
1
3
2
4
5
7
7
9
10
13
13
14
16
18
19
20
21
23
22
22
20
20
19
18
19
20
21
24
25
26
27
28
27
27
28
28
27
28
29
33
35
37
40
42
46
48
50
50
51
53
55
56
57
60
60
61
63
65
66
66
69
69
72
73
74
75
78
78
80
82
84
84
86
87
90
91
92
96
96
97
97
100
100
100
99
100
99
100
99
98
99
98
98
97
96
94
93
91
91
91
89
89
89
89
90
92
93
94
96
95
97
97
97
97
96
96
95
93
92
93
94
95
96
98
100
99
99
99
99
99
98
99
98
99
99
99
99
99
97
99
100
98
98
99
99
99
99
100
100
98
100
100
99
100
99
99
98
97
99
97
97
96
97
98
97
97
97
95
96
96
98
99
99
100
99
100
100
100
98
99
99
100
98
99
98
99
98
99
100
99
99
99
100
100
99
100
100
100
99
100
100
100
100
98
100
98
100
99
98
97
99
99
99
99
99
99
99
99
99
97
94
92
89
87
83
82
79
76
74
72
70
69
68
67
66
66
65
64
64
62
62
59
57
55
54
53
52
51
50
48
50
51
54
55
56
56
59
60
60
60
60
60
58
57
59
60
61
62
63
65
66
67
68
70
69
72
72
74
75
76
76
78
79
79
80
81
81
82
82
83
85
88
89
91
93
91
93
95
99
99
100
99
99
99
99
99
99
99
98
100
98
99
99
99
100
100
99
99
99
100
100
99
99
99
98
100
99
99
99
99
99
98
100
99
100
100
99
99
100
100
100
99
100
98
99
99
99
97
94
92
92
92
