0
0
0
0
0
0
0
0
0
0
0
0
0
0
0
0
0
0
0
0
0
0
0
0
0
1
0
0
0
1
0
0
1
1
1
1
0
1
0
1
0
1
0
0
0
0
0
0
1
0
1
3
2
4
5
7
8
10
12
13
14
16
18
19
20
21
23
24
24
22
20
19
19
19
20
21
22
24
26
25
25
27
26
27
27
27
25
26
26
27
29
32
34
37
39
41
42
43
43
44
45
47
48
51
54
54
55
57
59
58
61
62
64
64
66
68
69
68
70
73
74
75
76
77
79
79
81
81
82
85
84
85
87
88
89
92
90
93
93
95
97
98
98
97
97
96
95
95
95
93
93
95
95
95
98
99
100
98
98
98
100
99
97
97
95
94
95
93
93
93
95
94
95
97
98
99
99
100
99
100
99
99
98
99
98
99
98
99
99
98
98
97
98
99
100
99
100
99
99
99
100
99
100
100
100
99
99
99
99
97
97
96
96
97
96
97
98
100
99
99
99
100
100
100
100
100
99
100
98
100
99
100
98
99
98
99
99
99
100
99
100
99
100
100
99
99
100
100
100
100
98
98
97
96
96
94
95
91
89
87
86
86
85
87
89
91
91
93
93
92
91
88
87
85
83
81
77
77
73
72
72
71
73
72
73
72
72
72
74
72
74
74
76
78
78
77
76
76
76
75
77
80
82
83
85
88
90
92
97
98
99
99
98
99
100
99
98
100
99
100
98
100
98
100
97
100
99
100
98
98
99
99
98
99
99
99
99
100
100
99
100
99
100
99
100
100
100
99
100
99
100
99
98
99
99
100
99
100
99
100
99
100
100
99
100
99
100
100
100
99
100
99
99
99
99
100
99
99
99
99
99
97
100
99
98
97
96
94
90
86
82
82
77
73
70
66
63
59
57
55
55
55
