0
0
0
0
0
0
0
0
0
0
0
0
0
0
0
0
0
0
0
0
0
0
0
1
0
0
0
0
0
1
0
0
0
1
1
1
0
0
0
1
0
1
0
0
0
0
0
0
1
0
2
2
6
7
8
9
9
11
13
14
15
18
18
19
21
21
21
20
18
18
16
15
13
12
13
14
13
13
14
12
14
14
14
16
17
15
16
18
18
19
18
19
23
22
24
25
26
27
29
32
33
35
36
39
39
37
38
39
40
41
44
45
47
47
50
51
52
54
57
56
57
58
59
60
61
61
60
61
60
60
62
63
66
69
70
70
70
73
74
74
75
74
75
74
75
73
75
76
77
78
81
80
81
82
82
81
79
79
81
80
79
79
80
80
79
78
80
79
78
78
79
82
84
85
87
90
92
94
96
95
95
97
97
97
98
99
99
99
99
99
98
99
100
100
100
99
100
100
99
99
99
100
99
99
100
99
100
99
99
98
99
99
99
99
99
99
99
99
99
100
99
100
99
100
100
100
99
100
98
100
98
99
98
99
98
99
98
98
99
99
98
99
98
99
99
98
100
100
99
98
97
97
93
89
88
85
85
81
80
78
78
79
80
82
83
85
85
86
87
85
81
78
75
73
71
69
64
63
60
59
60
60
59
59
59
62
61
65
64
65
67
67
66
70
74
74
76
77
78
76
77
78
80
82
85
87
89
89
93
96
99
100
99
100
100
99
99
99
100
100
99
99
100
100
99
99
98
99
98
98
99
99
100
98
99
99
100
100
99
100
100
100
99
100
100
99
100
99
99
99
99
99
99
99
98
99
98
100
98
99
99
98
99
99
98
97
95
93
93
93
92
90
87
86
83
83
80
78
77
75
74
73
73
72
74
71
69
68
66
64
60
55
50
45
40
34
30
24
20
14
14
14
