0
0
0
0
0
0
0
0
0
0
0
0
0
0
0
0
0
0
0
0
0
0
0
0
0
1
0
0
0
0
1
0
1
1
1
0
0
0
0
1
0
1
0
0
1
0
0
0
0
0
2
0
3
4
5
6
8
9
11
13
13
14
16
17
18
20
21
23
22
20
17
17
16
15
17
15
16
16
14
13
13
10
7
7
7
7
5
4
1
0
0
3
3
3
5
9
10
12
15
16
18
20
22
24
25
26
28
28
30
30
33
32
32
30
30
29
28
27
26
25
24
24
26
26
29
31
34
34
35
37
39
39
39
37
37
36
34
34
34
33
34
33
35
37
38
40
42
45
45
47
49
48
48
48
46
46
46
44
46
44
45
44
46
46
49
50
50
51
51
52
55
59
63
66
70
71
73
75
77
79
80
84
89
93
97
99
99
99
98
99
100
99
100
99
99
100
99
99
100
99
100
99
100
99
99
98
100
98
100
99
98
99
99
98
97
98
98
99
98
98
100
99
99
100
98
98
98
98
98
97
96
94
92
92
90
89
87
84
82
80
77
75
71
70
68
68
66
66
65
65
65
62
60
58
57
54
54
51
50
46
47
48
48
48
50
50
49
48
46
43
41
41
42
41
42
42
41
42
42
44
43
43
42
41
41
41
40
40
39
40
39
40
39
40
43
42
41
43
47
50
53
55
61
61
65
69
71
72
74
76
77
81
83
87
89
90
93
94
97
99
100
100
100
99
99
99
99
99
99
99
99
99
99
99
100
99
100
100
99
100
99
99
99
98
99
99
99
99
99
99
99
99
98
98
98
95
94
92
90
89
86
84
85
82
78
77
74
73
72
68
67
63
59
56
51
52
48
47
44
39
34
29
24
19
14
9
4
0
0
0
0
0
0
0
0
0
0
0
0
0
0
0
