0
0
0
0
0
0
0
0
0
0
0
0
0
0
0
0
0
0
0
0
0
0
0
0
0
0
0
1
0
0
0
0
1
0
1
1
0
1
0
1
0
0
0
0
0
0
0
0
0
0
1
0
2
2
2
4
4
5
7
8
9
10
12
11
11
9
6
6
6
5
4
4
4
4
3
4
3
4
3
4
4
7
8
10
10
9
8
9
6
8
8
8
8
7
7
9
8
8
7
10
13
14
15
19
21
23
27
30
32
31
33
32
33
32
33
32
31
31
30
30
29
27
28
28
31
31
33
34
36
37
38
42
48
46
46
49
50
54
52
55
58
61
62
63
65
65
67
69
70
71
70
70
72
71
71
70
69
67
68
67
66
63
63
61
61
60
60
58
58
58
59
59
61
63
64
65
66
67
69
72
74
78
81
84
89
93
96
99
99
99
100
99
100
100
99
100
99
99
100
100
99
100
100
100
99
99
99
99
100
98
99
98
99
99
99
99
99
99
99
99
100
100
99
100
100
100
99
100
99
99
97
98
95
93
91
90
88
88
85
83
79
77
74
72
72
70
69
70
71
69
70
69
67
64
64
62
63
61
60
59
60
61
61
62
63
64
64
62
61
59
56
54
53
52
51
51
53
55
54
56
55
57
59
59
61
63
65
66
63
62
62
65
64
65
66
65
68
68
69
68
73
77
81
82
85
86
91
94
97
99
99
100
99
99
100
99
100
99
100
100
100
99
100
99
99
100
99
100
98
99
99
99
99
99
99
99
99
100
99
100
99
100
98
100
98
100
98
99
99
98
99
98
99
99
94
91
90
89
89
85
81
82
81
78
80
77
77
75
73
70
67
66
61
58
52
48
42
37
32
27
22
17
12
7
2
0
0
0
0
0
0
0
0
0
0
0
0
0
0
0
0
0
