0
0
0
0
0
0
0
0
0
0
0
0
0
0
0
0
0
0
0
0
0
0
0
1
0
1
0
1
0
1
1
1
1
1
0
1
0
1
0
1
0
0
0
0
0
0
0
0
1
0
2
2
3
4
4
6
8
9
10
12
13
13
15
17
18
21
21
22
20
19
18
18
18
18
19
20
22
24
24
24
26
25
24
25
25
26
28
31
32
35
35
36
39
41
42
44
45
46
47
49
48
49
51
53
54
56
58
59
63
63
65
67
71
70
71
73
74
76
79
80
83
83
85
85
87
87
88
90
91
91
92
93
95
95
96
97
97
99
99
99
98
99
98
97
96
94
94
93
92
91
92
91
93
94
95
97
98
99
99
98
99
98
97
95
97
96
95
95
94
92
94
95
95
96
99
100
99
100
100
100
99
100
99
99
98
98
98
98
98
96
96
95
97
98
99
99
99
98
99
100
99
100
100
100
100
98
100
99
98
96
98
96
98
98
97
97
98
97
96
97
98
100
100
100
99
100
99
100
98
99
99
100
99
99
99
99
98
99
99
99
100
99
100
99
100
100
99
100
100
100
99
99
99
98
99
99
100
99
99
99
99
99
99
100
99
100
99
100
99
98
98
97
95
94
92
91
89
89
88
88
88
91
90
91
91
93
94
95
95
97
98
99
99
99
99
100
100
100
100
99
100
99
100
99
99
99
99
99
99
99
99
99
99
99
99
100
100
99
100
100
99
100
99
100
99
99
99
100
99
99
99
98
99
98
99
99
99
100
99
100
99
100
99
100
99
100
99
99
99
99
99
99
99
99
99
100
99
99
99
99
99
99
98
95
92
89
86
83
79
77
73
73
71
70
68
66
61
58
56
55
53
49
44
39
34
29
24
19
14
9
4
0
0
0
0
0
0
0
0
0
0
0
