0
0
0
0
0
0
0
0
0
0
0
0
0
0
0
0
0
0
1
0
0
0
0
1
0
1
0
1
0
1
0
1
0
1
0
1
0
1
0
1
0
1
0
0
0
0
0
0
1
0
1
3
2
3
5
6
7
9
9
10
12
14
14
16
18
18
19
22
22
23
22
21
19
18
18
18
20
21
23
25
27
27
27
27
26
26
25
25
25
27
29
31
34
37
40
43
45
46
48
49
52
53
55
56
58
59
60
62
64
63
65
65
68
67
69
70
72
73
75
76
77
78
82
83
84
85
86
88
89
89
90
91
91
93
94
96
98
100
98
99
97
97
96
95
93
91
90
89
88
88
87
85
87
88
89
91
94
93
95
96
96
95
97
95
96
94
94
92
92
91
93
93
95
97
99
97
99
100
100
100
98
100
99
99
99
99
99
99
98
98
98
99
98
98
99
98
97
98
98
100
100
99
100
99
100
98
100
98
100
99
97
95
96
95
95
95
97
97
97
99
100
100
99
100
100
100
99
100
99
100
98
100
99
99
98
99
99
99
100
99
100
99
100
100
99
100
100
100
100
99
100
99
99
98
99
98
100
99
99
98
99
100
99
100
99
99
99
99
99
98
96
93
91
90
89
85
82
82
79
77
75
74
72
72
70
70
70
69
68
68
66
63
60
56
55
53
51
50
49
48
49
51
54
54
55
56
59
59
61
61
59
57
54
54
54
55
55
57
58
58
58
61
63
64
64
65
64
66
67
71
71
71
72
71
70
70
70
71
71
71
71
73
79
78
82
84
89
94
99
99
100
99
99
99
99
99
99
100
99
99
99
98
100
99
99
100
99
99
99
98
100
100
99
99
99
100
99
99
99
99
99
99
99
99
100
100
100
100
100
99
100
100
99
100
99
98
97
96
95
92
92
92
