0
0
0
0
0
0
0
0
0
0
0
0
0
0
0
0
0
0
0
0
0
0
0
1
0
1
0
0
0
1
1
1
0
0
1
0
0
0
0
1
0
0
0
0
0
0
0
0
1
0
1
0
2
2
2
4
4
5
7
8
9
10
12
11
11
9
6
5
4
2
0
0
0
1
0
1
0
0
0
0
0
0
0
1
0
1
0
0
0
1
1
2
2
3
5
8
9
11
12
14
15
18
18
21
21
21
24
24
27
27
29
29
30
26
25
24
25
24
23
22
22
21
23
23
26
30
32
33
34
34
37
38
39
40
42
41
44
46
46
48
49
49
52
53
57
56
58
57
57
57
58
60
59
57
57
58
57
56
57
55
56
54
56
54
55
54
54
54
54
54
56
59
61
64
67
68
71
75
79
83
86
91
95
99
99
99
99
99
98
99
100
99
100
99
99
100
100
100
99
99
99
100
99
99
100
98
100
98
100
99
99
98
99
99
99
99
99
99
99
100
99
100
100
100
99
100
99
100
99
99
97
97
96
96
94
93
91
92
90
88
86
83
82
79
78
78
79
80
77
74
73
72
70
67
65
63
63
60
60
58
59
60
61
61
60
60
60
58
57
54
52
50
47
46
46
44
43
44
42
43
44
42
40
40
39
40
41
41
40
40
39
41
40
39
41
41
41
44
47
52
57
61
64
67
71
73
77
77
77
80
83
85
87
89
90
90
93
95
97
97
99
100
100
100
99
100
98
99
98
99
99
98
100
99
99
99
100
100
100
100
100
100
99
100
99
100
99
99
99
99
99
99
99
99
99
99
99
100
99
97
96
92
90
87
86
85
84
82
81
78
76
74
72
71
70
71
68
65
63
61
58
54
49
44
39
34
29
24
19
14
9
4
0
0
0
0
0
0
0
0
0
0
