0
0
0
0
0
0
0
0
0
0
0
0
0
0
0
0
0
0
0
0
0
0
0
1
0
1
0
1
0
1
0
1
0
1
1
1
0
1
0
1
0
1
0
0
0
0
0
0
1
0
1
3
2
4
5
6
7
9
11
12
13
15
16
18
19
20
20
23
22
23
21
23
22
22
22
23
23
26
27
29
31
33
32
32
32
31
30
30
29
29
31
34
36
36
38
39
39
40
40
41
41
43
43
43
44
43
45
46
49
50
52
52
54
55
57
59
64
65
68
71
74
73
76
77
77
79
80
80
81
81
80
84
84
87
88
89
92
93
93
93
92
91
90
89
89
88
89
89
89
92
92
93
95
97
98
100
100
98
99
99
98
98
97
96
96
94
93
91
92
92
94
95
97
99
99
100
100
99
99
98
98
100
99
99
98
98
99
99
98
99
97
95
97
98
99
98
97
99
98
100
100
99
99
100
99
99
99
98
99
97
98
96
97
99
99
100
99
99
99
100
100
100
100
100
100
100
99
100
99
100
99
100
98
99
99
99
98
99
100
98
99
98
99
100
99
99
98
99
98
98
99
99
97
94
92
90
89
85
83
80
80
81
82
83
84
84
85
85
86
84
82
78
77
75
73
71
66
65
62
61
60
60
60
60
62
60
62
63
64
66
66
67
68
70
70
70
73
74
78
77
80
82
85
89
95
96
99
99
99
100
99
98
99
99
100
100
100
100
100
100
99
100
99
100
99
99
99
99
99
98
99
99
100
98
100
99
99
99
99
100
99
100
100
100
100
99
100
99
100
99
99
99
99
99
99
99
99
99
99
99
99
99
100
99
100
99
100
99
100
99
100
98
98
99
98
98
97
96
97
95
96
96
98
99
99
98
98
99
99
100
100
100
99
100
95
89
85
79
75
69
69
69
