0
0
0
0
0
0
0
0
0
0
0
0
0
0
0
0
0
0
0
0
0
0
0
1
0
1
0
1
0
1
0
1
1
1
0
1
0
1
0
1
0
1
0
0
0
0
1
0
1
1
2
2
6
6
7
8
8
10
12
14
15
15
17
19
20
20
21
22
20
19
18
16
16
15
15
16
18
20
22
23
24
25
25
25
24
24
23
24
26
29
31
33
36
39
40
43
44
45
46
47
48
49
51
54
56
56
58
59
61
63
65
66
68
69
69
70
72
75
75
78
78
81
82
84
87
86
87
89
90
91
90
92
93
95
95
97
98
100
99
98
99
99
99
98
98
97
95
95
95
94
94
94
96
97
99
99
100
98
100
98
99
99
98
98
97
96
97
96
95
94
93
92
95
97
97
99
99
98
100
98
99
100
99
99
98
99
97
98
97
97
96
96
96
96
96
96
97
98
100
99
100
100
100
99
98
98
100
99
99
97
97
97
97
99
99
99
99
100
99
100
99
100
99
100
100
100
100
100
98
99
98
99
98
99
99
99
98
99
99
99
99
99
99
100
100
100
100
100
100
99
99
99
99
99
99
98
100
98
99
99
99
99
99
99
99
100
99
100
99
97
94
94
93
90
87
85
82
81
79
78
75
74
72
71
70
69
69
67
67
66
65
63
61
58
55
54
52
50
49
47
49
50
53
54
56
56
58
58
59
59
59
58
56
56
57
59
59
60
62
63
65
67
67
69
69
72
72
72
73
74
73
74
76
76
75
76
77
77
77
77
78
79
81
84
84
88
91
92
96
96
98
99
99
99
99
99
98
99
99
99
98
100
99
99
99
99
100
99
100
100
100
100
99
100
99
100
99
99
99
99
99
99
100
99
100
100
99
100
99
99
98
99
98
100
97
92
90
88
87
83
83
83
