0
0
0
0
0
0
0
0
0
0
0
0
0
0
0
0
0
0
0
0
0
0
0
0
0
0
0
1
1
1
1
1
1
1
0
0
1
0
1
0
0
1
0
0
0
0
0
0
0
0
0
1
2
2
4
5
6
7
8
8
10
11
13
14
14
11
9
7
5
5
6
4
2
1
0
0
1
1
0
0
0
1
1
0
0
0
0
1
0
2
1
2
3
5
6
9
9
11
14
15
19
20
23
24
26
30
33
33
37
37
39
38
41
39
40
38
39
37
37
36
36
35
36
36
36
34
34
36
38
41
44
49
52
52
54
55
55
59
59
59
61
64
63
66
66
68
69
70
72
72
72
72
74
74
74
73
72
72
71
70
69
68
67
65
66
65
65
64
65
64
66
67
69
69
71
71
71
71
73
74
74
77
78
81
82
85
89
93
97
99
100
99
99
99
100
100
99
100
100
100
100
99
100
100
100
99
99
98
100
98
99
98
99
99
99
99
99
99
98
98
99
99
99
100
99
100
99
100
98
98
97
96
96
97
96
96
94
94
91
89
87
83
82
81
80
78
77
76
76
74
74
73
70
66
66
64
63
60
60
58
58
59
59
58
60
60
59
58
57
55
51
47
46
46
46
47
47
46
48
51
52
53
54
56
56
57
56
56
57
57
55
57
57
57
57
58
58
59
61
63
65
68
72
75
81
88
90
96
98
100
99
99
99
99
99
99
100
99
99
100
100
99
100
100
99
100
99
100
99
99
99
99
99
99
99
99
100
99
99
99
99
98
99
99
99
100
99
99
99
99
99
99
98
97
98
98
97
94
91
90
88
86
83
80
78
75
76
73
70
67
67
65
63
62
59
58
54
53
52
49
44
39
34
29
24
19
14
9
4
0
0
0
0
0
0
0
0
0
0
0
0
0
