0
0
0
0
0
0
0
0
0
0
0
0
0
0
0
0
0
0
0
0
0
0
0
0
0
1
0
1
0
1
0
1
1
0
0
1
1
1
0
1
0
1
0
0
0
0
0
0
1
0
1
3
2
3
5
6
6
8
9
11
12
15
16
17
18
19
20
22
22
23
21
21
21
21
21
24
22
23
25
27
28
28
27
26
25
24
23
22
22
24
28
30
33
34
35
36
36
37
39
40
43
43
45
47
50
50
52
53
56
57
58
61
64
64
67
69
71
72
76
76
78
79
82
83
83
82
83
85
85
85
85
87
88
90
91
95
96
98
99
99
99
97
97
95
95
93
93
92
92
92
91
92
92
95
98
99
99
99
100
99
98
98
99
99
98
97
97
97
95
95
95
98
99
100
100
100
99
99
98
100
99
99
98
98
98
97
96
96
95
93
91
92
93
93
93
94
94
95
97
98
99
100
100
100
100
99
100
98
98
98
99
97
98
98
99
98
99
99
100
99
99
100
99
100
99
100
100
100
99
99
99
100
99
99
99
99
98
99
99
99
99
99
99
100
99
99
99
100
100
100
100
99
100
98
100
99
100
99
99
99
99
99
99
100
99
100
99
100
99
98
98
97
97
97
97
96
94
94
93
93
91
90
88
88
87
88
89
92
94
95
96
94
94
95
96
97
96
96
96
94
95
96
98
99
99
99
99
99
99
99
99
99
98
98
100
100
99
99
100
100
100
99
99
99
99
99
99
100
99
98
98
99
98
99
99
99
99
99
98
100
100
99
99
99
100
100
100
99
100
99
99
98
99
99
99
100
99
100
99
100
99
100
100
100
100
100
100
99
100
99
100
100
99
99
99
100
99
99
99
99
99
99
98
99
99
97
96
95
92
88
84
80
77
73
70
68
65
63
61
61
61
61
