0
0
0
0
0
0
0
0
0
0
0
0
0
0
0
0
0
0
0
0
0
0
0
1
0
1
1
1
1
1
1
1
1
1
1
1
1
1
1
1
1
1
1
0
1
1
1
0
1
1
2
2
6
7
8
9
9
11
13
14
15
18
18
19
21
23
21
21
18
18
17
14
14
15
16
17
19
20
22
23
25
27
27
27
26
26
26
27
27
28
27
29
33
34
36
37
38
38
39
40
42
43
43
42
44
44
47
48
52
52
54
56
58
59
62
64
66
69
72
75
77
77
77
77
78
80
80
79
79
80
80
84
85
88
89
89
89
92
92
93
92
90
91
91
90
90
88
88
88
89
91
92
92
94
98
99
98
97
99
99
100
98
97
96
95
95
95
95
94
93
95
95
99
100
100
99
100
100
100
99
99
99
98
100
98
99
98
99
96
96
97
95
98
99
99
98
99
100
98
100
100
98
99
100
100
99
99
99
99
99
99
98
98
98
98
99
99
98
99
98
99
100
99
100
100
100
100
100
99
99
98
100
98
99
99
99
98
99
100
99
99
98
99
99
100
100
100
99
99
100
99
99
100
98
99
98
100
99
98
98
99
99
99
100
99
99
99
100
99
99
99
98
98
97
97
96
93
93
92
92
89
89
88
90
91
92
94
95
97
99
100
99
98
98
100
99
100
100
99
97
100
99
100
99
99
99
99
98
99
100
99
99
99
100
100
99
99
99
99
100
99
100
100
99
99
99
99
99
99
99
99
99
99
99
99
98
100
99
99
99
99
100
99
100
99
100
99
99
99
99
100
99
99
99
99
99
99
100
99
99
97
96
95
94
93
91
88
84
79
78
77
75
71
69
68
68
64
63
61
60
58
55
50
45
40
35
30
25
20
15
10
5
0
0
0
0
0
0
0
0
0
0
