0
0
0
0
0
0
0
0
0
0
0
0
0
0
0
0
0
0
0
0
0
0
0
1
0
1
1
1
0
1
1
1
1
0
0
1
0
1
0
1
0
1
0
0
0
0
0
0
0
0
1
0
2
3
5
5
6
9
9
11
13
15
16
17
19
20
20
21
19
17
16
16
13
15
17
15
16
16
16
17
19
21
23
24
25
26
26
27
27
29
31
32
34
39
40
43
44
46
48
49
49
51
52
52
52
51
51
53
55
56
56
58
58
60
61
60
63
65
68
70
72
76
79
80
81
84
84
84
84
85
87
89
91
91
92
97
99
100
99
99
98
98
98
97
98
96
95
94
94
94
93
94
93
95
97
97
97
99
99
99
99
97
97
96
95
94
96
94
94
95
97
99
100
100
99
100
100
100
100
99
98
99
99
99
99
97
97
98
95
97
94
92
93
92
94
96
95
96
96
98
98
99
100
100
100
99
99
99
99
98
98
98
98
99
99
100
99
99
99
99
99
100
100
100
99
100
100
100
99
100
99
99
99
99
98
99
98
99
100
99
99
100
99
100
100
100
99
99
99
100
100
98
97
95
95
91
90
85
84
83
83
83
84
83
84
84
86
87
89
88
86
86
85
82
79
76
73
72
69
68
66
68
69
69
71
73
74
74
76
78
77
80
80
80
81
81
82
82
83
84
87
92
96
97
99
99
99
99
99
100
99
99
99
99
100
100
99
99
99
100
100
99
99
100
99
100
99
100
99
99
99
99
99
99
99
99
100
100
100
100
99
100
99
100
99
100
99
99
99
99
99
99
99
99
99
100
99
99
99
99
98
97
98
96
93
92
89
87
83
82
81
78
76
75
73
73
70
65
61
59
57
55
54
49
44
39
34
29
24
19
14
9
4
0
0
0
0
0
0
0
0
0
