0
0
0
0
0
0
0
0
0
0
0
0
0
0
0
0
0
0
0
0
0
0
0
1
0
1
1
1
1
1
1
1
1
1
1
1
1
1
1
1
1
1
1
0
1
1
1
0
1
1
2
2
6
8
7
8
9
10
12
14
15
17
19
20
22
22
24
23
22
22
20
21
20
19
19
19
21
22
25
27
29
32
31
32
31
31
29
29
28
28
29
30
31
31
33
33
33
33
35
37
38
41
44
45
46
45
46
46
48
47
49
51
53
54
56
57
60
60
61
64
64
66
66
68
69
70
71
71
71
71
72
72
75
78
78
82
82
83
83
83
84
83
83
84
83
83
83
84
85
87
87
89
90
92
92
94
93
92
91
91
90
89
91
88
87
87
87
87
87
87
87
90
92
92
93
96
98
99
100
100
99
100
99
100
97
99
98
99
99
98
100
99
99
100
100
99
100
100
100
100
100
99
100
99
100
99
99
98
100
97
98
99
99
98
99
100
98
99
98
98
99
99
99
100
99
100
100
100
99
98
97
98
99
99
98
99
98
99
99
99
100
99
100
100
100
100
100
100
100
100
100
100
99
98
100
99
100
98
99
99
99
100
99
100
99
100
99
99
99
99
98
96
96
94
93
92
89
90
87
86
83
84
84
84
85
87
88
91
90
91
92
95
96
99
100
99
100
98
100
99
100
99
100
99
99
99
99
99
99
100
99
100
99
100
99
99
100
98
99
100
99
100
100
100
99
99
99
100
99
99
99
99
99
99
99
99
99
99
99
99
100
99
100
99
100
100
99
99
99
99
100
99
99
99
99
99
99
99
99
100
99
99
100
100
100
99
99
99
100
99
99
99
99
99
99
99
99
97
99
99
100
97
97
95
95
94
93
92
92
89
88
85
82
81
78
76
77
75
75
74
74
74
