0
0
0
0
0
0
0
0
0
0
0
0
0
0
0
0
0
0
0
0
0
0
0
0
0
0
0
0
0
0
0
0
1
0
0
0
0
0
0
0
0
0
0
0
0
0
0
0
0
0
0
0
0
1
0
0
0
1
0
0
0
1
0
1
0
1
0
0
0
1
0
0
1
0
0
0
1
1
0
0
0
0
1
1
1
0
2
4
6
7
10
11
14
15
17
18
19
20
21
21
23
23
24
25
27
27
28
30
31
30
30
32
32
34
33
33
33
34
33
33
34
33
33
34
34
35
35
37
38
40
41
44
44
46
48
50
53
52
55
57
60
63
65
70
72
77
80
83
85
90
94
99
100
100
100
100
100
100
99
100
99
99
99
99
99
99
100
99
100
99
99
99
99
99
99
99
97
99
98
99
99
99
98
98
99
97
97
98
98
98
98
100
99
99
99
100
99
98
100
99
100
100
100
100
99
100
99
99
99
98
99
98
99
99
99
99
98
98
98
96
97
96
94
95
94
94
92
91
91
89
89
88
88
87
88
86
85
83
81
81
81
83
81
81
82
81
82
84
89
90
93
95
96
99
98
98
99
99
99
99
98
99
99
98
98
97
97
96
97
96
98
99
98
97
96
96
97
98
99
99
98
98
97
100
99
99
99
100
99
100
100
100
98
100
100
100
100
99
100
100
99
99
99
99
99
98
99
98
99
99
99
97
99
99
99
100
100
100
100
100
100
100
99
98
100
98
98
95
95
94
94
93
92
92
90
93
91
91
88
87
84
82
78
76
74
72
70
68
64
64
62
61
55
53
49
47
45
42
41
40
38
37
38
39
40
44
46
48
51
53
54
54
56
53
53
51
49
47
45
42
41
40
37
37
36
37
38
37
35
33
32
29
27
23
22
20
17
18
14
14
14
14
