0
0
0
0
0
0
0
0
0
0
0
0
0
0
0
0
0
0
0
0
0
0
0
0
0
0
0
0
0
0
0
0
1
1
0
0
1
1
0
0
1
0
0
0
1
0
0
1
1
0
1
1
1
1
0
0
0
1
0
1
0
1
0
0
0
0
0
0
0
0
0
0
1
1
1
1
1
1
0
1
1
1
1
1
1
0
1
1
2
3
3
4
7
8
8
10
12
14
15
15
17
17
19
20
21
23
25
27
28
30
29
31
31
32
32
31
31
32
33
33
33
35
35
36
37
39
40
41
43
43
46
46
47
48
48
51
52
56
59
64
67
72
76
78
80
86
89
94
99
100
100
99
100
100
100
100
100
100
99
100
99
99
99
99
99
99
99
99
100
98
98
99
98
98
99
98
98
98
97
98
98
98
98
98
98
99
98
99
99
99
98
100
99
99
100
99
100
99
99
100
100
99
99
99
99
99
99
100
99
99
98
97
98
98
98
96
96
95
96
96
96
95
96
94
95
95
93
91
93
93
93
92
93
92
91
92
92
92
91
92
90
91
90
89
90
90
91
92
92
90
92
91
91
90
91
93
93
93
96
97
99
98
99
98
99
98
99
97
99
100
99
100
98
98
97
98
98
99
99
99
98
99
99
100
99
99
99
99
99
100
98
99
99
99
100
98
100
100
100
100
99
100
99
100
99
98
99
99
99
99
100
99
100
100
100
99
99
99
100
99
99
99
100
98
99
98
99
97
97
95
96
94
95
95
95
94
92
91
90
88
86
87
84
81
81
80
80
80
79
78
76
77
74
72
70
68
67
64
63
61
58
54
53
52
51
52
51
49
48
44
42
39
38
34
34
29
28
26
25
23
21
17
15
11
9
6
2
1
0
0
0
0
0
0
0
0
0
0
0
0
0
0
