0
0
0
0
0
0
0
0
0
0
0
0
0
0
0
0
0
0
0
0
0
0
0
0
0
0
0
0
0
0
0
0
0
0
0
0
0
0
0
0
0
0
0
0
0
0
0
0
0
0
0
1
1
1
0
1
0
1
0
1
0
1
0
1
0
0
0
0
0
0
0
0
1
0
0
0
1
1
1
1
1
1
1
2
1
1
2
3
4
6
8
7
9
7
9
10
10
12
13
14
13
14
15
14
13
14
14
15
14
16
16
16
15
17
17
18
16
17
18
17
16
15
18
19
21
22
21
23
26
29
30
31
32
35
39
42
46
50
54
59
63
68
72
78
82
87
90
94
98
100
100
100
100
100
100
99
100
99
99
100
99
96
97
97
97
99
99
98
99
98
98
96
96
95
97
97
97
98
96
97
95
93
93
93
96
95
96
94
95
96
98
100
99
99
99
100
100
100
100
100
99
100
98
98
98
99
97
97
97
96
94
93
93
92
91
91
91
91
92
91
90
89
88
89
87
86
86
85
84
84
84
82
83
80
82
81
79
78
77
76
74
74
72
70
69
70
67
67
67
65
65
64
65
66
66
67
67
69
68
69
70
71
73
73
76
76
74
76
77
78
79
78
82
83
86
91
93
94
98
99
99
99
99
100
99
100
99
100
99
100
100
99
100
100
100
100
99
99
99
99
98
99
98
99
98
98
97
97
97
99
99
98
98
96
97
97
97
98
96
94
93
92
90
89
87
84
86
83
86
84
83
83
83
82
81
79
77
76
76
74
76
74
73
72
71
71
69
69
66
66
63
61
56
56
56
56
58
59
60
60
61
61
63
64
65
65
66
67
68
68
68
68
66
65
64
62
62
60
57
55
54
52
50
46
46
44
44
40
39
36
34
31
30
26
21
18
14
12
7
7
7
7
