0
0
0
0
0
0
0
0
0
0
0
0
0
0
0
0
0
0
0
0
0
0
0
0
0
0
0
0
0
0
0
0
0
0
0
0
0
0
0
0
0
0
0
0
0
0
0
0
0
0
0
0
1
1
0
0
0
0
0
1
1
1
0
0
0
1
0
0
0
0
0
0
1
0
0
0
1
1
0
1
1
1
1
1
1
0
1
1
1
1
1
3
5
7
10
12
13
15
16
18
21
22
23
24
27
27
28
30
31
31
32
33
33
34
33
33
32
33
34
34
33
35
33
34
35
35
38
40
41
44
44
46
44
47
48
49
51
55
59
63
67
71
75
81
84
90
94
99
99
100
99
100
100
99
100
100
100
100
99
99
99
99
99
99
99
99
98
98
99
99
99
100
99
99
99
99
99
100
99
100
99
99
99
99
100
99
99
99
98
100
98
99
98
99
100
99
100
99
98
100
100
100
100
100
99
99
99
100
99
99
99
98
99
96
96
95
95
94
93
92
92
92
92
93
91
89
90
90
88
87
86
85
84
84
83
83
82
84
81
82
82
81
80
79
80
82
83
83
83
84
85
84
85
86
87
90
94
94
96
96
99
98
99
99
98
98
99
99
99
99
99
100
99
100
99
99
100
99
99
99
99
99
99
99
99
99
99
98
98
98
99
99
98
99
96
96
94
94
92
91
89
88
87
86
88
92
95
97
99
99
99
99
100
100
99
100
100
100
100
100
100
99
99
99
98
97
97
93
94
93
94
94
95
94
92
91
90
89
88
88
88
89
89
87
86
86
84
84
81
79
77
77
73
73
69
65
64
61
58
57
55
53
50
49
47
45
42
41
37
35
31
29
26
22
21
18
16
14
12
8
6
3
0
1
0
0
0
0
0
0
0
0
0
0
0
0
0
0
0
0
0
0
