0
0
0
0
0
0
0
0
0
0
0
0
0
0
0
0
0
0
0
0
0
0
0
0
0
0
1
1
0
0
1
1
0
0
0
0
0
0
0
0
0
0
0
0
0
0
0
1
1
0
0
1
0
0
0
0
0
0
0
1
0
0
0
0
0
1
0
0
0
0
0
0
0
1
1
1
0
1
1
0
2
1
1
1
1
0
2
1
4
4
7
8
9
11
14
14
16
16
17
19
20
20
22
22
24
24
24
25
26
28
28
29
30
32
30
30
30
30
31
30
30
30
31
32
32
31
32
33
34
37
38
40
40
41
42
42
42
43
47
49
49
52
54
57
59
64
65
71
74
78
82
88
91
95
100
100
100
100
99
100
99
99
99
99
99
99
100
99
100
98
99
99
99
100
100
100
100
100
99
100
99
98
99
98
98
98
98
97
98
98
99
100
99
100
99
100
99
100
99
100
100
100
100
99
99
97
97
97
95
96
96
95
95
94
95
93
94
92
92
90
90
89
90
89
90
90
90
89
90
88
89
87
88
88
89
87
87
86
86
85
85
84
85
85
83
84
83
84
85
85
85
87
87
89
92
93
94
96
99
98
99
99
99
98
99
99
99
97
98
98
99
100
100
100
99
100
99
99
99
99
99
99
97
99
99
99
99
99
99
100
100
99
98
99
99
97
96
97
97
97
97
99
99
100
99
99
99
99
99
98
100
99
99
98
99
100
100
100
99
100
99
97
95
93
93
90
91
90
89
88
89
87
87
88
87
86
86
84
84
83
83
80
78
77
76
76
75
74
73
74
73
72
68
68
66
65
63
61
58
55
53
51
46
44
42
39
37
35
33
32
31
26
26
23
23
19
16
13
8
4
0
1
0
0
0
0
0
0
0
0
0
0
0
0
0
0
0
0
0
0
0
0
