0
0
0
0
0
0
0
0
0
0
0
0
0
0
0
0
0
0
0
0
0
0
0
0
0
0
0
0
0
0
1
1
0
0
0
0
0
0
0
0
0
0
0
0
0
0
0
0
0
0
0
0
1
0
1
0
1
0
0
0
0
0
0
0
0
0
0
0
0
0
0
0
0
0
1
1
1
1
1
0
0
1
0
1
1
1
2
2
3
4
6
6
8
10
12
13
12
15
14
17
18
19
20
21
22
23
23
24
25
27
28
28
29
31
28
30
29
27
27
26
27
26
26
28
27
28
31
31
34
37
36
39
39
40
43
44
45
46
47
50
53
57
60
64
68
73
74
80
84
90
95
98
100
100
100
100
100
100
99
100
99
99
99
99
99
99
100
99
99
99
100
99
99
99
100
100
99
99
99
99
98
98
98
98
99
98
98
99
99
98
99
100
99
100
100
100
99
99
100
99
100
99
100
99
99
100
99
100
99
98
99
99
99
99
99
99
99
98
97
96
96
94
93
94
95
94
93
93
94
93
92
92
92
90
91
91
90
90
89
88
87
87
87
88
87
88
89
89
89
91
93
95
96
97
99
99
99
99
99
99
99
99
99
98
99
98
99
96
96
97
98
99
98
100
99
100
99
99
100
99
98
99
98
99
99
100
99
100
99
99
98
99
99
99
99
99
99
99
99
99
99
99
99
99
99
99
99
99
99
98
99
98
99
100
100
100
100
99
100
99
100
100
100
99
99
99
100
99
99
98
98
99
99
99
99
100
99
99
98
99
97
94
92
91
90
89
88
88
85
85
84
84
80
81
78
76
73
69
66
63
59
57
55
53
51
52
52
53
55
56
58
58
58
59
61
61
62
60
58
56
55
53
51
49
48
48
48
46
44
43
41
39
35
33
32
29
27
26
23
22
22
22
