0
0
0
0
0
0
0
0
0
0
0
0
0
0
0
0
0
0
0
0
0
0
0
0
0
0
0
0
0
0
0
0
0
0
0
0
0
0
0
0
0
0
0
0
0
0
0
0
0
0
0
0
1
0
1
1
0
1
0
1
0
0
0
0
0
1
0
0
0
0
0
0
0
0
1
1
1
1
1
1
0
1
1
1
1
0
2
1
2
1
3
5
7
9
11
13
15
16
18
19
20
21
22
23
24
26
27
28
30
31
29
32
31
33
31
32
32
31
32
32
32
32
33
33
33
35
37
39
41
42
44
46
46
47
49
50
52
56
57
61
65
69
72
78
81
85
89
94
98
100
99
99
100
100
100
100
100
100
99
100
99
99
99
98
99
99
99
99
99
99
99
98
99
98
99
100
100
99
99
99
96
97
96
96
99
99
99
99
99
99
98
99
99
99
99
99
100
99
99
100
100
99
99
100
99
99
99
100
98
97
98
97
96
96
97
96
97
97
97
99
98
97
97
96
96
96
95
96
94
94
96
95
96
95
94
94
93
93
91
91
91
91
90
89
88
87
86
85
87
86
87
86
83
84
85
85
86
90
93
94
97
97
100
98
100
99
99
99
99
100
99
99
99
100
99
100
100
99
100
99
99
99
99
100
99
100
99
100
99
100
100
99
100
100
100
99
100
100
100
99
99
100
99
99
99
99
98
99
98
99
100
99
99
97
96
95
95
95
95
97
96
96
96
95
95
92
93
89
89
90
91
89
88
86
84
83
80
80
79
76
77
76
75
75
72
70
72
70
68
68
64
64
59
55
52
52
52
54
53
53
54
55
54
54
55
57
58
60
60
60
59
58
55
53
53
52
52
53
52
51
49
48
47
46
44
44
44
44
43
42
39
37
35
31
29
28
25
25
21
19
19
19
