0
0
0
0
0
0
0
0
0
0
0
0
0
0
0
0
0
0
0
0
0
0
0
0
0
0
0
0
0
0
0
0
0
0
0
0
0
0
0
0
0
0
0
0
0
0
0
0
0
0
0
1
0
1
0
0
0
0
0
0
0
1
0
0
0
0
0
0
0
0
0
0
0
0
0
0
1
2
2
2
0
1
1
0
0
0
1
0
1
0
1
1
1
0
1
3
1
1
2
2
2
2
2
2
1
2
1
2
1
3
1
1
0
3
0
1
0
0
1
2
3
1
4
3
4
6
7
9
10
14
16
20
24
23
28
31
34
37
39
43
44
48
49
53
54
56
55
58
58
58
59
61
61
61
63
62
62
61
60
60
60
57
56
53
54
53
53
52
52
50
50
48
49
49
48
47
46
45
44
46
45
48
49
51
51
51
53
53
52
53
52
54
54
55
56
56
55
53
52
53
50
50
48
47
47
45
44
44
43
42
42
40
38
38
38
36
36
34
33
32
31
30
29
28
27
23
23
22
22
22
22
22
22
21
21
24
24
23
23
27
28
32
35
36
38
43
48
53
57
59
61
65
67
69
71
74
75
76
77
79
78
77
80
80
81
79
81
78
80
81
82
83
85
90
91
95
94
96
99
98
98
99
97
99
98
98
98
99
99
99
100
100
100
98
98
96
97
97
97
95
93
92
90
90
88
86
89
87
86
87
87
86
87
87
87
87
88
88
86
86
87
88
89
87
86
86
85
84
84
84
83
85
85
85
83
81
81
79
77
74
73
73
72
71
72
71
70
70
68
68
65
64
59
56
54
50
46
44
44
42
42
41
38
37
36
35
32
31
28
24
23
18
16
13
13
9
6
3
1
0
0
0
0
0
0
0
0
0
0
0
0
0
0
0
0
0
0
0
0
0
0
0
