0
0
0
0
0
0
0
0
0
0
0
0
0
0
0
0
0
0
0
0
0
0
0
0
0
0
0
0
0
0
0
0
0
0
0
0
0
0
0
0
0
0
0
0
0
0
0
0
0
0
0
0
1
0
1
0
1
0
0
0
0
0
0
0
0
1
0
0
0
0
0
0
0
0
0
0
0
1
1
0
0
1
2
2
2
2
3
4
7
8
10
11
14
16
19
20
20
21
22
25
26
27
28
29
31
31
32
33
34
34
33
35
35
37
34
36
38
37
37
36
36
35
35
35
34
35
36
36
38
40
39
42
43
43
46
48
48
48
48
52
54
58
60
63
66
71
72
76
80
83
88
94
99
100
100
100
100
99
99
100
99
99
99
99
99
99
100
99
99
99
100
100
99
99
99
100
98
99
99
99
98
98
98
97
97
96
97
97
99
99
99
98
99
100
99
99
99
100
100
99
100
99
100
99
99
100
98
99
98
97
96
94
95
94
91
91
92
92
92
91
91
92
92
91
92
92
90
88
88
90
89
89
90
88
86
86
85
86
86
86
85
85
85
85
83
82
82
82
81
83
85
85
83
84
88
87
88
90
91
91
94
94
97
98
99
98
99
99
99
99
99
100
99
100
100
100
100
98
97
99
99
99
99
100
99
99
99
100
99
100
100
100
100
100
100
100
100
100
100
99
99
99
99
99
99
99
99
99
99
99
99
98
99
100
99
99
99
99
98
98
97
98
96
94
95
93
94
92
92
90
89
89
88
88
87
87
87
87
87
86
85
82
81
80
79
76
73
72
71
71
67
68
64
62
58
55
52
49
45
43
41
41
43
44
46
47
51
55
58
60
62
62
64
63
64
63
62
60
58
55
54
51
48
48
49
48
46
46
45
43
40
39
36
34
31
29
25
24
20
20
20
20
