0
0
0
0
0
0
0
0
0
0
0
0
0
0
0
0
0
0
0
0
0
0
0
0
0
0
0
0
0
0
0
0
0
0
0
0
0
0
0
0
0
0
0
0
0
0
0
0
0
0
0
0
1
1
0
0
0
0
0
1
0
0
0
1
0
0
0
0
0
0
0
0
1
0
1
0
1
0
1
0
0
1
1
1
1
0
1
2
4
6
8
10
11
12
14
17
18
19
20
21
22
22
24
25
26
26
28
28
30
31
31
32
32
34
31
33
32
34
34
33
33
33
34
33
34
35
36
38
39
40
43
42
43
46
47
48
49
52
53
56
56
60
61
67
71
74
77
82
85
89
94
98
100
100
100
100
100
100
99
100
99
99
99
99
99
99
100
99
99
99
99
99
100
98
99
100
99
99
99
100
99
99
98
99
99
99
99
99
99
99
99
100
99
100
99
99
100
99
100
100
100
100
100
100
99
99
99
99
99
99
99
99
99
97
99
99
98
97
98
97
98
97
96
95
94
94
93
93
93
93
91
91
94
92
91
89
89
87
86
86
85
86
85
83
83
84
85
85
86
85
87
87
85
84
83
81
80
80
78
79
79
79
78
76
76
75
73
71
70
70
69
67
66
65
64
64
63
62
62
63
62
63
62
64
62
64
65
69
71
74
76
80
85
90
95
96
100
99
100
99
99
99
99
99
99
98
99
99
99
99
100
99
100
100
99
99
99
100
100
100
99
100
99
98
99
99
100
98
99
99
99
99
98
100
99
100
99
99
100
100
99
100
99
99
100
99
99
97
97
98
98
100
99
99
97
98
97
96
96
96
97
95
94
93
92
92
90
90
89
89
89
89
90
90
90
89
91
91
92
92
93
90
90
88
87
87
84
82
81
77
77
77
76
76
73
70
69
69
66
66
66
66
