0
0
0
0
0
0
0
0
0
0
0
0
0
0
0
0
0
0
0
0
0
0
0
0
0
0
0
0
0
0
0
0
0
0
0
0
0
0
0
0
0
0
0
0
0
0
0
0
0
0
0
0
1
1
0
0
0
0
0
0
0
1
0
1
0
0
0
0
0
0
0
0
1
0
1
1
1
1
0
1
1
1
1
1
1
1
3
3
5
7
10
11
12
13
16
17
19
20
21
22
23
24
26
26
27
28
29
30
31
31
31
33
33
36
35
36
34
37
36
35
35
36
36
36
37
38
39
38
40
43
44
45
47
48
49
52
54
55
55
58
61
64
67
71
76
81
84
89
93
95
100
100
100
100
100
100
100
100
99
100
99
99
99
99
99
99
99
98
99
99
99
99
99
100
99
100
99
100
99
100
99
99
99
98
97
97
98
99
99
99
99
100
99
99
99
100
100
99
100
100
100
99
99
99
98
99
99
99
98
98
98
97
96
95
95
94
94
92
93
93
93
91
91
89
89
89
91
91
91
90
90
90
90
89
87
87
86
88
87
86
86
86
86
85
87
87
88
88
89
87
88
86
84
85
84
85
84
85
84
86
86
87
87
87
86
84
84
83
84
83
83
84
84
86
85
88
89
90
92
93
93
95
95
98
99
98
99
99
99
99
99
100
100
99
100
99
100
99
100
100
99
99
99
99
99
99
99
99
99
98
99
99
99
99
99
100
99
100
99
100
99
99
99
99
100
99
100
99
99
99
99
99
98
100
99
100
98
99
99
100
99
99
98
98
97
98
99
98
97
98
99
100
97
96
96
96
96
97
98
97
98
97
98
98
98
99
99
99
99
98
99
99
98
96
96
95
96
94
94
93
92
92
92
90
89
89
88
86
83
82
81
78
76
75
76
74
72
71
69
69
69
69
