0
0
0
0
0
0
0
0
0
0
0
0
0
0
0
0
0
0
0
0
0
0
0
0
0
0
0
0
0
0
0
0
0
0
0
0
0
0
0
0
0
0
0
0
0
0
0
0
0
0
0
1
0
1
1
0
1
1
0
1
0
1
0
1
0
1
0
0
0
0
0
1
1
1
1
1
0
2
1
1
1
2
2
1
3
3
3
3
3
1
2
0
2
1
1
2
1
1
1
0
1
0
1
1
2
1
1
2
3
1
0
2
0
2
0
1
0
1
1
1
3
4
2
4
7
9
14
16
18
19
21
24
26
29
33
37
39
39
41
42
45
47
49
51
53
53
52
56
58
58
60
62
63
65
62
61
59
56
56
54
54
54
55
53
54
51
52
51
50
49
48
45
48
49
49
48
48
49
50
52
50
53
56
57
58
58
57
60
61
62
62
64
63
65
64
67
65
67
66
66
65
65
64
64
66
65
64
64
64
63
63
63
64
62
62
61
61
59
59
57
55
54
52
51
51
49
47
46
45
43
42
41
41
38
37
36
36
36
35
34
34
33
34
35
35
38
39
41
44
49
54
56
60
63
65
67
72
78
81
83
87
90
93
93
96
97
99
98
99
100
100
100
100
100
99
100
100
99
99
99
99
99
99
99
97
99
98
99
96
99
97
98
98
97
98
96
98
97
98
99
98
98
98
98
96
97
96
97
96
98
97
97
98
97
97
96
95
95
95
94
93
93
92
91
91
89
89
89
89
87
89
90
90
90
90
91
91
90
88
89
89
89
89
88
87
86
86
85
82
80
78
78
76
75
73
72
72
70
70
67
65
64
61
60
58
55
54
53
49
46
45
41
40
35
32
28
25
21
17
14
9
4
0
0
0
0
0
0
0
0
0
0
0
0
0
0
0
0
0
0
0
0
