0
0
0
0
0
0
0
0
0
0
0
0
0
0
0
0
0
0
0
0
0
0
0
0
0
0
0
0
0
0
0
0
0
0
0
0
0
0
0
0
0
0
0
0
0
0
0
0
0
0
0
0
1
1
0
0
1
0
0
1
0
0
0
0
0
0
0
0
0
0
0
0
0
0
0
1
1
0
0
1
0
1
1
2
2
3
3
2
3
4
7
7
7
8
9
11
13
15
16
17
18
19
20
20
21
21
22
23
22
22
21
21
21
22
21
22
23
22
21
21
21
21
20
21
22
23
22
23
25
26
28
30
30
32
35
37
38
40
38
41
42
46
49
53
57
63
67
69
72
77
80
83
86
90
95
100
100
100
99
100
99
99
99
99
99
98
99
99
97
99
100
99
99
99
99
99
98
99
97
99
99
99
98
97
96
97
94
96
96
96
96
100
98
100
100
99
99
100
100
99
100
100
100
100
99
100
99
100
99
99
99
98
97
97
97
95
96
97
97
96
96
97
96
95
95
95
93
92
91
89
87
86
85
85
83
83
82
82
81
81
79
81
78
77
75
73
73
72
72
72
72
71
71
73
73
73
74
74
76
74
77
78
79
80
82
83
85
85
84
83
84
87
87
88
87
92
94
98
100
99
99
99
99
99
99
100
99
100
99
100
100
100
100
99
100
99
100
100
100
99
99
99
99
98
98
97
98
98
98
97
98
98
98
97
98
97
97
96
95
96
94
91
92
90
90
88
88
86
84
84
82
79
79
80
79
78
77
77
75
73
72
72
71
70
69
68
68
66
64
63
61
59
54
51
49
46
44
42
42
41
41
41
42
43
46
48
49
51
52
53
54
54
54
52
52
50
48
46
45
42
40
42
39
39
37
36
36
33
31
30
29
27
26
24
22
19
15
14
11
10
10
10
