0
0
0
0
0
0
0
0
0
0
0
0
0
0
0
0
0
0
0
0
0
0
0
0
0
0
0
0
0
0
0
0
0
0
0
0
0
0
0
0
0
0
0
0
0
0
0
0
0
0
0
0
1
0
1
0
0
1
0
1
0
0
0
0
0
1
0
0
0
0
0
0
0
0
1
0
2
3
2
2
3
2
1
3
3
4
7
8
7
7
9
10
12
12
14
16
17
18
18
18
20
19
20
19
21
21
21
22
21
23
21
23
21
24
21
22
22
23
23
23
23
22
24
24
25
26
27
28
27
28
29
31
32
35
36
39
43
47
51
55
56
59
65
70
73
76
80
86
89
94
99
100
100
100
99
100
100
99
99
99
99
99
99
98
98
98
98
97
96
95
97
98
99
98
99
100
99
99
99
99
97
95
94
95
95
93
94
96
98
99
98
100
99
99
99
99
99
99
100
99
99
98
99
100
99
100
99
99
96
94
94
92
90
90
91
90
89
90
90
91
90
91
91
90
89
89
87
88
87
86
85
85
84
83
83
83
83
84
81
80
78
78
76
75
74
75
75
76
77
77
77
79
79
79
78
77
77
75
74
73
71
70
71
72
71
70
68
68
68
70
70
71
72
72
73
77
78
81
83
84
85
88
89
93
95
99
99
99
99
99
99
100
100
99
100
99
100
99
100
99
98
100
99
100
99
99
99
98
99
99
99
98
99
99
98
99
98
98
99
100
100
99
99
97
99
99
98
99
99
99
98
99
99
99
99
100
99
99
99
99
99
99
99
99
98
99
98
99
98
99
98
97
95
97
96
95
96
98
99
99
100
98
98
99
99
98
98
99
98
98
98
96
97
96
99
98
98
98
97
97
98
96
95
95
93
92
91
88
86
83
80
79
79
76
74
72
69
68
65
63
63
63
