0
0
0
0
0
0
0
0
0
0
0
0
0
0
0
0
0
0
0
0
0
0
0
0
0
0
0
0
0
0
0
0
0
0
0
0
0
0
0
0
0
0
0
0
0
0
0
0
0
0
0
0
1
0
1
0
0
0
0
0
1
1
0
0
0
1
0
0
0
0
0
0
0
1
1
1
0
1
1
1
0
0
0
1
1
0
1
0
2
1
4
6
8
9
11
14
16
17
18
20
22
22
23
24
25
26
28
29
31
31
32
34
34
36
35
36
36
37
37
37
39
38
39
38
39
42
44
46
47
49
51
53
53
54
56
57
57
59
61
63
66
69
72
77
80
86
89
93
98
99
100
100
100
100
100
100
100
99
99
100
99
99
99
99
99
99
100
99
100
99
100
99
99
98
100
100
99
100
99
100
98
98
97
97
99
98
99
98
98
99
99
100
99
99
100
100
100
99
99
100
100
99
100
99
99
99
97
98
97
95
94
93
93
92
91
90
90
88
89
89
88
88
89
89
88
87
89
88
89
86
86
86
85
85
85
83
81
81
81
80
80
80
79
78
78
77
76
75
74
73
74
75
76
76
78
79
80
82
87
86
89
89
91
92
96
94
97
98
99
97
99
100
99
99
99
100
100
99
100
99
98
99
99
99
99
100
99
100
99
99
99
99
100
100
100
100
100
100
100
100
99
100
99
100
99
99
99
99
99
99
100
99
100
100
99
100
99
100
99
98
97
96
94
92
91
89
90
88
87
86
87
86
86
86
86
84
84
83
85
84
85
85
83
83
83
81
81
80
78
77
76
77
73
73
72
72
69
69
68
66
66
66
65
63
61
59
60
58
57
56
53
51
49
46
46
43
43
39
38
37
36
34
34
30
28
24
19
14
9
4
0
0
0
0
0
0
0
0
0
0
0
0
