0
0
0
0
0
0
0
0
0
0
0
0
0
0
0
0
0
0
0
0
0
0
0
0
0
0
0
0
0
0
0
0
0
0
0
0
0
0
0
0
0
0
0
0
0
0
0
0
0
0
0
0
1
0
1
0
0
0
1
0
0
0
0
0
0
1
0
0
0
1
0
0
1
0
1
0
1
0
0
1
1
0
1
1
2
1
3
4
7
8
11
9
12
12
13
16
17
18
19
20
22
22
23
25
26
26
28
28
30
31
31
32
34
35
35
35
36
36
38
37
38
37
37
37
37
37
38
39
41
41
44
46
47
49
51
52
52
55
56
59
62
65
69
72
75
81
83
88
92
95
98
100
100
100
100
100
100
100
99
100
99
99
99
99
99
99
100
99
100
99
100
99
100
99
100
100
99
100
99
100
98
99
99
99
99
99
99
99
99
99
99
99
99
99
99
99
99
100
99
99
100
100
100
99
99
100
99
99
99
98
98
97
96
96
96
95
95
93
93
93
92
91
90
87
86
83
84
84
83
82
83
83
82
81
79
81
81
81
81
81
81
81
81
80
81
82
83
85
86
85
85
84
82
82
83
84
86
86
85
85
85
84
83
81
79
79
78
77
76
74
74
73
72
72
70
70
68
66
67
64
63
63
63
65
65
68
69
74
76
79
82
86
89
95
99
100
100
99
99
99
99
99
99
99
99
98
99
98
99
99
100
98
100
100
99
99
99
99
99
99
99
98
100
99
99
99
100
99
99
99
99
99
99
100
99
100
99
100
100
100
100
99
99
100
100
99
99
100
98
99
98
99
99
98
98
97
96
95
94
94
92
92
92
93
95
94
94
93
92
91
90
89
91
88
89
88
88
88
89
87
87
87
88
89
87
87
86
88
87
86
83
82
79
77
77
75
72
70
67
66
66
66
