0
0
0
0
0
0
0
0
0
0
0
0
0
0
0
0
0
0
0
0
0
0
0
0
0
0
0
0
0
0
0
0
0
0
0
0
0
0
0
0
0
0
0
0
0
0
0
0
0
0
0
1
0
1
1
0
1
1
0
1
0
1
0
0
0
1
0
0
0
0
0
2
5
5
6
7
4
3
2
2
1
2
2
4
4
5
5
5
6
6
6
6
8
9
10
11
10
9
9
8
10
8
9
10
11
10
9
9
10
10
7
9
8
7
7
5
3
4
3
2
3
2
3
5
7
11
16
18
20
23
23
27
29
33
35
39
42
46
47
50
52
57
60
61
61
62
63
66
65
66
69
70
74
71
73
74
73
72
71
70
69
68
67
67
68
65
62
62
62
63
63
64
63
64
63
61
59
60
60
61
60
60
60
62
62
64
66
68
70
73
74
77
77
78
76
75
74
73
73
73
71
72
69
70
68
69
69
69
67
67
66
63
62
59
58
57
55
52
51
49
49
45
42
41
39
37
36
34
33
31
28
27
26
23
23
24
21
20
19
19
18
19
19
20
24
26
31
34
39
41
46
46
50
53
55
55
57
57
61
63
65
68
71
73
74
73
76
75
78
78
81
86
88
90
91
94
95
97
97
98
98
99
99
100
99
99
99
99
98
97
97
96
94
94
93
92
92
92
91
91
90
89
85
85
84
83
81
79
77
76
75
76
74
74
72
69
68
67
68
67
66
66
64
64
64
62
62
58
60
58
57
58
58
57
56
56
53
50
51
48
47
47
46
46
44
43
42
41
40
38
34
33
31
29
28
26
25
24
22
19
15
13
12
10
8
6
4
1
1
0
1
0
0
0
0
0
0
0
0
0
0
0
0
0
0
0
0
0
0
0
0
0
0
0
0
0
0
0
0
0
0
0
