0
0
0
0
0
0
0
0
0
0
0
0
0
0
0
0
0
0
0
0
0
0
0
0
0
0
0
0
0
0
0
0
0
0
0
0
1
1
0
0
0
0
0
0
0
0
0
0
0
0
0
0
1
0
1
1
0
1
0
1
0
0
0
0
0
1
0
0
0
0
0
0
1
1
1
1
1
0
0
0
0
0
0
1
0
0
1
0
2
1
2
3
6
7
9
12
14
15
16
16
18
19
20
22
24
23
25
26
27
27
28
30
29
32
30
30
30
32
33
31
32
32
33
35
36
37
38
39
39
42
42
44
45
46
48
51
52
56
61
64
69
73
77
83
85
90
93
100
99
100
99
99
100
100
100
100
100
100
99
100
99
99
99
99
99
98
99
98
99
99
99
100
98
98
97
98
98
98
98
98
98
98
100
99
99
99
99
99
99
99
99
99
99
99
100
99
100
99
100
99
100
99
99
99
99
99
98
100
99
98
99
97
97
95
97
95
95
95
94
96
94
94
93
94
92
92
91
90
90
88
88
88
88
85
83
84
83
83
83
82
80
80
78
76
75
74
73
74
72
73
74
73
73
75
75
76
78
79
82
83
84
84
87
89
92
92
96
96
98
99
99
99
99
100
100
100
99
99
100
99
98
99
99
100
99
99
98
99
98
99
99
100
100
100
100
100
99
100
99
100
99
98
99
100
99
98
99
99
99
99
100
99
100
98
100
99
98
99
100
97
97
95
94
94
96
94
95
93
94
93
95
93
93
93
92
91
90
89
91
89
86
84
85
83
83
83
82
82
79
79
76
78
76
73
72
71
68
68
67
63
62
60
57
57
55
52
49
47
45
43
40
38
38
35
35
32
30
29
26
23
22
19
16
12
9
4
0
0
0
0
0
0
0
0
0
0
0
0
0
0
0
0
