0
0
0
0
0
0
0
0
0
0
0
0
0
0
0
0
0
0
0
0
0
0
0
0
0
0
0
0
0
0
0
0
0
0
1
0
0
0
0
0
0
0
0
0
0
0
0
0
0
0
0
0
1
0
1
0
1
0
0
0
0
0
0
0
0
1
0
0
0
0
0
0
0
0
0
2
0
1
1
1
0
1
1
3
4
4
7
8
10
10
12
13
15
14
16
18
18
20
20
22
23
24
25
26
28
27
30
30
32
33
32
34
33
34
33
34
31
33
32
32
32
32
32
32
31
31
32
33
35
37
38
38
40
40
42
44
44
48
49
52
52
57
61
65
68
72
75
78
83
87
89
95
100
100
99
100
100
100
99
100
99
99
99
99
99
99
100
99
99
99
99
100
99
99
99
99
99
100
100
99
100
98
99
98
97
96
97
98
98
96
97
95
95
97
98
99
100
100
99
100
100
98
100
99
99
100
98
99
98
99
99
98
98
96
97
96
98
99
99
98
98
95
94
92
90
90
90
89
88
88
88
86
87
88
86
86
84
83
82
82
82
81
79
77
78
80
79
78
81
81
82
79
77
78
76
75
73
74
73
73
73
72
71
70
68
66
65
64
63
61
59
59
59
58
56
55
53
51
50
49
47
45
44
45
43
46
49
53
55
60
65
68
69
74
76
77
80
83
85
86
88
91
95
98
99
99
99
99
99
98
99
98
99
100
99
99
99
100
99
100
100
100
100
99
100
98
99
98
99
99
99
99
99
99
99
100
99
99
99
98
98
97
98
97
96
97
96
97
95
95
94
94
92
91
89
86
85
84
84
83
84
85
83
84
85
85
83
84
84
84
85
85
86
86
86
86
86
85
84
82
81
81
79
78
78
77
75
74
71
71
70
66
63
61
58
55
52
51
48
46
46
46
