0
0
0
0
0
0
0
0
0
0
0
0
0
0
0
0
0
0
0
0
0
0
0
0
0
0
0
0
0
0
0
0
0
0
0
0
0
0
0
0
0
0
0
0
0
0
0
0
0
0
0
0
1
0
1
0
1
0
0
0
0
0
0
0
0
1
0
0
0
0
0
0
0
1
0
1
1
0
0
0
0
0
1
1
1
0
1
2
3
4
7
9
11
12
14
16
17
19
20
21
22
23
23
25
26
26
27
28
28
28
27
28
28
30
30
29
30
31
30
31
31
30
31
31
30
31
30
31
34
35
36
38
39
39
41
42
43
45
47
49
51
53
57
61
63
68
72
75
79
84
89
94
98
100
100
100
100
100
99
100
99
99
99
99
99
99
100
99
99
98
100
100
99
99
98
100
99
100
100
100
99
98
98
98
98
96
97
98
99
99
98
98
98
100
99
99
100
100
99
100
100
100
100
99
99
100
98
99
99
98
98
97
97
97
97
97
98
96
98
97
97
96
95
95
95
94
93
94
93
95
95
94
95
95
95
94
93
93
91
90
89
91
90
92
92
94
93
95
94
97
96
96
97
100
99
99
99
98
99
99
99
98
99
99
98
99
99
98
99
99
99
100
99
100
99
100
99
99
100
99
99
99
99
99
98
99
99
99
99
99
99
99
99
100
99
99
99
100
100
100
99
100
99
100
99
99
99
99
99
99
99
99
100
100
99
99
99
100
99
99
99
98
98
96
96
94
94
91
91
90
90
88
89
88
88
89
88
90
89
89
88
89
91
90
90
89
90
90
89
90
89
89
87
88
86
83
81
77
75
74
71
71
70
69
67
65
64
61
56
54
53
49
48
45
44
40
39
35
34
30
26
23
20
16
12
8
4
0
0
0
0
0
0
0
0
0
0
0
0
0
0
0
