0
0
0
0
0
0
0
0
0
0
0
0
0
0
0
0
0
0
0
0
0
0
0
0
0
0
0
0
0
0
0
0
0
0
0
0
0
0
0
0
0
0
0
0
0
0
0
0
0
0
0
1
0
1
0
0
0
0
0
1
1
1
0
1
0
1
0
0
0
0
0
0
2
1
0
0
1
1
1
0
1
0
1
0
1
0
0
0
1
0
0
1
2
0
1
1
1
1
1
1
3
2
2
3
1
3
4
1
3
2
0
1
1
1
1
1
0
0
2
0
3
3
4
5
4
4
2
4
6
11
12
16
19
21
24
26
30
32
36
36
40
43
48
52
55
58
58
62
65
67
66
68
71
72
75
73
74
73
73
73
70
70
69
67
66
67
65
65
66
65
65
64
64
65
63
63
61
63
61
62
61
61
64
63
65
64
65
66
70
72
71
75
75
77
78
78
79
80
80
81
81
80
80
80
79
80
78
79
79
77
76
76
74
71
71
69
69
67
67
67
65
63
63
61
60
57
56
55
52
50
51
49
48
44
44
42
40
39
39
39
37
36
35
35
37
36
37
39
41
41
47
48
50
51
52
55
56
58
60
64
69
71
74
74
77
78
81
80
82
84
86
90
94
100
99
100
100
99
99
99
99
99
99
99
99
99
99
99
97
99
97
96
95
93
92
91
90
90
89
89
90
88
86
86
85
84
83
82
80
80
79
79
79
79
79
76
77
78
76
77
75
75
75
74
75
73
72
72
73
73
74
75
76
77
76
75
75
75
75
74
75
74
74
73
73
73
72
70
70
68
66
66
64
65
64
61
59
59
55
54
54
51
50
49
47
45
44
42
41
37
37
34
34
29
27
22
20
16
14
9
4
0
0
0
0
0
0
0
0
0
0
0
0
0
0
0
0
0
0
0
0
0
