0
0
0
0
0
0
0
0
0
0
0
0
0
0
0
0
0
0
0
0
0
0
0
0
0
0
0
0
0
0
0
0
0
0
0
0
0
0
0
0
0
0
0
0
0
0
0
0
0
0
0
1
1
1
0
1
0
1
0
1
1
0
0
0
0
1
0
0
0
0
0
0
1
0
1
0
1
1
0
2
1
1
1
1
2
2
3
4
6
6
7
9
11
12
13
15
16
17
18
19
20
21
21
21
22
22
23
22
23
23
22
23
22
23
21
22
22
22
22
22
21
21
20
21
20
21
21
22
23
26
24
28
29
30
33
35
36
38
41
43
46
50
52
58
60
66
69
71
73
77
81
86
90
94
97
98
99
100
98
99
99
99
99
97
97
96
99
99
97
98
99
99
100
99
99
100
98
99
97
95
95
93
90
88
87
87
87
90
93
98
99
100
99
99
98
100
100
100
99
98
100
100
98
99
97
97
98
100
98
94
94
93
91
93
93
92
93
92
94
94
93
92
89
90
88
87
85
83
81
80
79
78
76
76
77
76
76
76
75
74
74
73
72
70
69
68
69
67
66
66
68
70
67
65
65
63
60
59
56
57
56
57
57
56
57
56
57
57
57
59
58
59
60
60
60
62
62
64
66
69
74
79
83
89
94
100
99
100
99
100
100
99
99
99
100
99
100
99
100
100
99
100
99
99
99
98
99
98
99
99
99
98
99
98
98
98
98
99
99
99
97
96
96
95
96
95
95
94
93
94
94
94
95
94
94
93
93
94
93
93
92
92
93
94
94
96
97
98
97
98
97
98
96
95
95
96
96
96
95
96
96
95
96
97
97
97
96
96
94
93
90
89
88
87
85
85
84
83
81
80
79
78
76
75
74
72
68
65
63
60
57
54
50
48
44
42
39
37
33
30
30
30
