0
0
0
0
0
0
0
0
0
0
0
0
0
0
0
0
0
0
0
0
0
0
0
0
0
0
0
0
0
0
0
0
0
0
0
0
0
0
0
0
0
0
0
0
0
0
0
0
0
0
0
1
0
1
1
0
1
1
0
1
0
1
0
0
0
1
0
0
0
0
0
0
0
0
1
1
1
1
0
0
0
0
1
0
1
0
0
0
0
0
0
0
0
0
1
1
1
1
0
1
2
1
0
1
2
1
3
2
0
3
1
2
1
2
0
1
0
1
0
0
2
2
5
5
9
13
15
18
19
22
26
31
32
37
43
44
48
50
51
51
52
55
57
60
62
64
63
66
66
66
65
63
65
63
65
65
66
64
64
63
64
63
63
61
61
59
59
57
59
58
59
58
58
59
62
62
63
65
67
69
70
73
76
79
81
83
85
89
90
92
91
93
92
94
93
93
93
92
92
91
93
92
92
90
91
92
92
91
93
92
92
92
91
89
87
87
87
87
85
85
87
86
86
83
82
82
80
79
79
76
75
73
72
71
69
67
64
63
60
60
57
56
56
56
55
54
55
55
54
54
56
57
57
59
58
61
63
64
65
66
67
69
70
71
76
76
82
85
92
97
99
99
99
98
99
100
100
99
100
99
99
99
99
99
98
100
98
99
98
99
99
99
99
99
100
100
99
100
99
100
98
100
97
96
94
94
91
90
89
89
89
88
89
90
89
90
91
91
90
88
87
87
87
84
85
83
83
82
81
81
81
81
81
81
80
78
77
77
76
74
71
70
70
69
68
68
67
66
65
65
64
65
61
60
59
60
57
54
53
52
50
50
49
48
44
42
41
39
38
37
36
34
33
28
27
23
21
17
13
9
8
4
0
0
0
0
0
0
0
0
0
0
0
0
0
0
0
0
0
0
0
0
