0
0
0
0
0
0
0
0
0
0
0
0
0
0
0
0
0
0
0
0
0
0
0
0
0
0
0
0
0
0
0
0
0
0
0
0
0
0
0
0
0
0
0
0
0
0
0
0
0
0
0
0
1
0
1
0
1
0
0
1
0
1
0
1
0
0
0
0
0
1
0
0
1
0
0
2
0
0
1
1
0
1
1
1
1
1
2
3
5
6
8
10
11
10
13
15
15
15
16
16
18
18
19
20
20
20
19
20
22
21
21
24
23
25
23
23
22
23
22
22
24
23
29
29
29
30
30
31
35
35
37
38
38
42
44
47
50
53
56
59
63
67
73
77
79
84
87
93
96
100
99
100
99
99
100
100
99
100
99
99
99
98
98
99
99
98
99
99
97
97
99
99
98
98
99
100
99
100
99
99
99
99
100
98
98
98
98
99
98
100
98
100
98
99
100
98
99
100
99
100
99
99
100
99
99
99
98
100
99
98
98
98
99
97
97
96
96
95
95
95
95
94
94
93
92
92
90
90
88
88
88
87
88
85
83
85
84
85
84
84
84
83
82
82
82
83
83
82
84
83
84
84
83
83
85
85
87
87
89
92
92
93
96
95
98
98
98
98
99
99
99
99
98
99
99
100
99
99
100
99
99
99
99
99
99
99
98
99
99
99
98
99
98
99
99
96
98
98
98
98
96
96
98
100
99
99
99
99
99
99
100
99
100
99
99
99
100
98
97
97
97
96
96
94
95
94
93
92
92
89
90
91
91
91
92
90
89
88
89
86
83
84
82
83
81
81
81
80
79
78
76
76
73
70
67
65
64
65
63
60
58
56
54
52
51
51
49
48
45
43
39
35
33
29
27
25
22
19
19
18
17
14
11
7
5
4
2
0
0
0
0
0
0
0
0
0
0
0
0
0
0
0
