0
0
0
0
0
0
0
0
0
0
0
0
0
0
0
0
0
0
0
0
0
0
0
0
0
0
0
0
0
0
0
0
0
0
0
0
0
0
0
0
0
0
0
0
0
0
0
1
1
0
1
1
0
0
0
0
1
1
0
1
1
0
0
1
0
0
0
0
0
0
0
0
0
1
1
0
1
0
0
1
1
3
4
6
7
8
10
12
13
13
15
15
17
17
19
19
20
21
23
24
26
26
28
29
30
31
33
34
35
36
36
38
38
41
39
40
41
41
40
40
41
41
41
42
41
42
43
44
45
48
49
51
50
52
53
55
55
58
59
60
62
66
69
73
77
80
84
89
93
95
99
100
100
100
100
100
100
100
99
100
99
99
99
99
99
99
100
99
100
99
99
98
100
100
100
100
99
99
99
98
97
96
95
95
95
95
94
94
95
95
97
98
99
99
100
99
100
99
100
100
100
99
100
99
99
99
98
100
98
97
96
95
96
95
95
95
95
94
98
98
96
97
98
98
99
99
98
97
96
96
97
97
97
97
97
95
95
96
95
94
92
93
94
92
92
93
95
92
91
95
95
98
97
99
99
99
99
99
99
99
99
98
99
98
99
99
99
97
98
98
100
99
98
99
99
100
99
99
99
99
98
99
99
99
99
99
99
98
99
98
100
99
100
99
98
100
100
99
100
100
99
100
99
100
99
99
99
99
99
99
100
99
100
99
99
98
99
99
98
98
98
99
97
95
96
94
95
93
93
90
90
90
89
88
87
87
88
87
86
87
87
87
87
88
88
86
87
87
88
86
85
84
82
80
77
75
73
71
70
68
68
65
65
64
65
62
61
59
57
55
52
49
47
43
44
40
40
37
36
33
29
26
23
20
15
11
6
1
0
0
0
0
0
0
0
0
0
0
0
0
0
0
