0
0
0
0
0
0
0
0
0
0
0
0
0
0
0
0
0
0
0
0
0
0
0
0
0
0
0
0
0
1
0
0
0
0
0
0
0
0
0
0
0
0
0
0
0
0
0
0
0
0
0
1
0
0
0
1
0
1
0
0
0
0
0
0
0
0
0
0
0
0
0
1
1
0
0
0
1
1
1
0
0
1
1
3
4
3
5
7
9
11
12
12
14
14
17
18
19
21
21
22
24
25
26
26
27
28
29
30
32
32
32
34
36
37
36
37
37
37
36
36
36
36
36
37
36
37
38
38
41
42
43
44
45
47
48
48
49
52
55
58
61
64
66
70
70
73
75
77
79
84
88
93
99
100
100
100
100
100
99
100
99
99
99
99
99
99
99
99
100
99
100
99
99
99
99
100
98
97
97
98
95
95
95
96
96
97
98
96
98
98
99
100
98
100
99
100
98
99
99
99
100
100
100
99
99
99
99
100
99
99
99
98
99
98
99
98
99
96
96
96
96
96
96
95
93
92
91
91
89
88
88
87
86
86
85
85
84
82
81
79
78
79
79
78
80
82
81
81
83
82
85
87
89
89
89
92
94
94
97
98
98
98
100
98
99
98
97
97
97
97
99
99
99
99
99
100
98
99
99
99
98
98
98
99
99
100
99
100
98
100
99
98
99
100
99
100
99
100
99
99
99
100
99
99
99
99
99
99
99
99
100
99
100
99
100
99
99
100
99
98
100
97
97
93
93
90
91
87
87
85
85
85
85
84
82
83
83
82
82
80
78
77
76
76
76
76
75
75
75
74
73
75
72
69
69
71
70
68
66
63
62
60
58
54
49
46
42
40
39
37
36
34
33
30
29
27
23
19
16
12
9
5
0
0
0
0
0
0
0
0
0
0
0
0
0
0
0
0
0
0
0
0
