0
0
0
0
0
0
0
0
0
0
0
0
0
0
0
0
0
0
0
0
0
0
0
0
0
0
0
0
0
0
0
0
0
0
0
0
0
0
0
0
0
0
0
0
0
0
0
0
0
0
0
1
1
1
0
1
0
1
1
1
1
0
0
1
0
0
0
0
0
0
0
0
0
0
0
1
1
0
1
0
1
0
0
2
4
5
8
9
12
13
15
16
18
19
21
22
22
23
23
25
27
28
28
29
30
30
31
32
31
31
31
32
32
32
32
32
31
32
30
31
31
29
28
30
29
30
30
29
31
33
34
38
37
37
36
37
40
41
46
49
53
56
57
62
67
72
77
79
81
85
89
93
98
100
100
100
100
100
99
100
99
99
99
99
99
98
98
98
99
98
99
97
99
99
98
99
99
99
98
95
94
94
93
93
92
92
91
89
91
92
94
94
98
99
99
99
98
98
98
98
100
100
100
98
99
99
99
99
99
98
99
98
98
99
99
98
98
99
99
96
97
96
95
95
94
91
89
90
89
87
86
84
84
83
81
77
75
74
71
72
71
71
70
69
68
70
69
67
70
69
68
70
71
72
73
75
76
78
80
79
81
81
82
84
86
86
86
86
86
84
86
87
90
91
93
96
97
97
96
96
98
97
96
99
98
98
98
99
99
99
100
100
100
99
100
99
100
100
100
100
99
99
99
99
99
99
99
99
99
99
100
99
100
99
99
99
100
100
99
99
96
94
91
89
89
88
88
86
86
86
87
86
87
88
87
85
85
85
86
85
83
81
81
82
81
80
79
78
77
78
75
73
69
65
61
60
60
56
54
49
49
49
48
46
43
39
37
36
33
32
30
26
26
21
20
15
11
8
5
1
0
0
0
0
0
0
0
0
0
0
0
0
0
0
0
0
0
0
0
0
0
0
