0
0
0
0
0
0
0
0
0
0
0
0
0
0
0
0
0
0
0
0
0
0
0
0
0
0
0
0
0
0
0
0
0
0
0
0
0
0
0
0
0
0
0
0
0
0
0
1
1
0
1
1
1
1
0
0
0
1
0
1
0
1
0
0
0
1
0
0
0
1
0
0
1
0
1
0
1
1
0
1
1
1
1
1
0
0
3
3
5
7
10
11
12
13
16
18
19
20
21
22
25
24
26
26
28
29
29
30
31
32
31
34
33
35
34
35
36
37
37
36
36
36
36
38
37
37
39
40
41
43
42
46
46
47
48
50
51
51
54
56
59
63
66
70
73
79
82
88
91
93
98
100
100
100
100
100
100
100
99
100
99
99
99
99
99
99
100
99
99
99
99
99
99
100
99
100
98
100
99
100
98
99
99
98
99
99
99
99
99
99
99
99
99
100
99
99
99
99
98
100
100
100
100
99
98
99
99
100
99
98
99
99
99
99
99
99
98
98
98
96
95
94
93
94
94
94
93
92
89
90
87
87
87
87
86
86
84
81
80
80
78
78
79
80
81
83
83
85
86
85
85
84
81
83
81
81
80
81
81
80
80
80
78
78
76
75
74
72
72
72
70
68
67
68
68
67
67
65
65
64
63
63
63
65
65
67
68
69
72
75
79
83
86
90
95
98
99
99
99
100
99
99
99
99
99
99
99
99
99
99
100
99
99
100
99
99
99
100
98
100
99
100
99
99
99
99
100
99
99
99
99
99
98
100
98
100
99
100
100
99
99
100
99
100
99
100
100
100
97
99
98
99
99
97
98
98
97
96
95
94
93
92
93
92
93
92
90
91
90
88
86
87
85
84
86
86
87
85
86
86
86
85
84
82
78
78
77
77
76
73
70
68
65
64
62
58
54
55
50
50
50
50
