0
0
0
0
0
0
0
0
0
0
0
0
0
0
0
0
0
0
0
0
0
0
0
0
0
0
0
0
0
0
0
0
0
0
0
0
0
0
0
0
0
0
0
0
0
0
0
0
0
0
0
1
1
1
0
1
0
1
0
0
0
1
0
0
0
1
0
0
0
0
0
0
0
0
1
0
1
0
1
3
3
3
3
1
1
1
0
0
0
1
1
1
1
2
1
1
0
1
1
1
2
1
0
1
2
1
2
0
1
1
0
1
0
2
0
0
0
1
1
0
2
1
4
4
4
5
5
8
11
15
16
18
18
21
24
26
27
28
30
31
34
37
38
41
43
46
46
46
48
47
47
49
53
50
51
47
48
45
43
44
42
41
41
41
41
40
43
42
41
42
42
43
43
43
43
45
45
47
47
50
50
53
56
58
62
63
64
63
62
61
61
62
61
64
63
63
63
65
64
64
63
63
64
63
63
65
63
63
62
64
63
63
62
60
59
57
56
54
54
51
51
49
50
48
46
45
43
42
39
35
35
32
33
31
30
30
28
28
26
25
26
27
29
30
32
36
41
46
50
55
58
59
63
67
70
75
81
84
86
89
91
91
93
93
95
95
96
96
96
99
99
100
100
100
100
100
97
99
99
99
99
99
99
99
99
99
98
99
98
98
97
99
97
98
98
97
98
98
99
98
96
96
94
96
95
95
95
95
93
94
93
91
90
88
88
85
84
84
83
83
82
82
82
81
81
80
81
82
80
80
80
81
81
82
82
82
81
80
80
76
77
76
75
75
76
75
75
73
72
71
70
70
66
66
65
63
61
58
57
55
56
54
53
49
47
46
45
41
38
37
35
31
29
23
20
17
13
10
5
0
0
0
0
0
0
0
0
0
0
0
0
0
0
0
0
0
0
0
0
0
0
0
