0
0
0
0
0
0
0
0
0
0
0
0
0
0
0
0
0
0
0
0
0
0
0
0
0
0
0
0
0
0
0
0
0
0
0
0
0
0
0
0
0
0
0
0
0
0
0
1
1
0
1
1
0
0
1
0
0
1
1
0
0
0
0
0
0
1
0
0
0
1
0
0
1
0
0
1
1
0
1
1
1
1
1
0
1
0
3
3
4
4
4
6
8
10
11
13
13
15
16
18
19
20
21
22
23
24
25
26
27
28
28
30
31
33
32
33
33
33
33
32
32
32
32
33
34
33
34
36
35
37
38
41
40
43
44
46
47
48
51
52
53
58
59
65
67
72
75
79
83
86
91
94
100
100
100
100
100
100
99
100
99
99
99
99
99
99
100
99
100
99
99
99
100
99
99
100
99
100
100
99
99
98
99
97
99
97
99
98
99
99
99
100
99
100
100
99
99
99
100
100
100
99
100
100
99
100
98
99
98
96
96
96
94
94
96
95
95
93
94
93
92
93
94
93
94
95
94
94
94
93
92
93
95
94
94
94
93
93
93
92
92
93
91
90
89
91
93
93
93
92
90
89
89
91
93
94
95
96
98
99
99
98
99
99
99
98
99
98
98
97
97
99
99
100
99
99
99
99
100
99
99
99
99
99
99
99
98
99
99
99
99
99
99
100
98
99
100
100
100
100
99
100
98
99
99
99
99
99
99
99
100
99
100
100
100
99
100
100
99
99
100
98
99
96
96
93
93
92
92
90
93
92
92
91
91
89
90
88
86
85
85
84
84
85
86
85
87
86
84
85
84
84
82
82
80
80
78
76
75
73
73
74
72
69
68
67
67
66
65
62
62
58
58
56
56
53
52
49
47
44
42
39
35
34
31
27
22
17
12
7
2
0
0
0
0
0
0
0
0
0
0
0
