0
0
0
0
0
0
0
0
0
0
0
0
0
0
0
0
0
0
0
0
0
0
0
0
1
1
0
0
1
1
0
0
1
1
0
0
1
1
0
0
1
0
0
0
1
0
0
1
1
0
1
1
0
0
0
0
1
1
0
1
1
0
0
1
0
0
0
0
0
0
0
0
1
0
0
1
0
0
1
0
1
1
1
1
1
1
1
0
2
4
7
6
6
7
9
12
13
14
15
16
17
17
19
19
20
22
22
23
23
24
23
25
24
25
25
26
25
25
27
27
27
29
27
29
30
32
35
35
35
37
37
39
41
43
44
44
47
50
52
54
59
62
65
69
71
77
80
86
90
95
98
100
100
100
100
100
100
100
99
100
99
99
99
99
99
99
100
99
99
98
99
100
98
100
99
100
99
99
98
98
98
99
99
99
100
99
98
99
99
99
99
99
99
99
100
99
99
99
98
100
100
98
100
100
99
100
99
100
99
99
99
98
99
98
98
98
98
96
97
97
94
92
92
91
91
91
91
89
88
88
87
87
87
85
86
86
85
84
82
82
81
81
81
81
83
83
83
83
83
86
87
88
90
91
94
94
96
98
99
98
99
97
99
99
99
99
98
98
98
96
96
97
97
98
99
99
99
99
100
99
99
99
98
98
98
99
99
99
99
99
98
98
98
99
99
100
100
100
99
99
99
100
99
100
99
99
99
99
99
98
100
99
99
100
100
100
100
99
99
100
100
99
100
98
100
98
98
95
96
94
93
91
90
91
91
93
93
91
89
89
89
87
86
86
87
85
85
84
82
83
81
81
77
74
70
65
64
61
59
58
57
55
55
53
51
48
46
43
40
38
36
32
30
27
25
21
20
16
13
10
9
7
3
0
0
0
0
0
0
0
0
0
0
0
0
0
0
0
0
0
0
0
