0
0
0
0
0
0
0
0
0
0
0
0
0
0
0
0
0
0
0
0
0
0
0
0
0
0
1
1
0
0
1
0
0
0
0
0
0
0
0
0
0
0
0
0
0
0
0
0
0
0
0
0
1
0
1
1
0
1
0
1
0
0
0
0
0
0
0
0
0
0
0
0
0
0
1
0
1
0
0
1
1
1
1
1
1
1
2
1
3
3
6
7
9
10
13
15
16
17
18
20
21
22
24
24
26
26
28
27
28
28
26
28
27
28
26
27
28
28
28
28
28
28
29
28
30
31
33
33
33
35
37
37
37
39
42
41
43
45
47
51
53
58
62
66
67
72
76
81
85
89
94
99
100
100
100
100
100
100
99
100
99
99
99
99
99
99
99
98
99
98
100
99
99
97
100
100
97
98
98
99
98
98
99
99
100
99
99
99
99
99
97
100
98
100
98
99
98
99
98
99
100
99
100
99
99
99
99
99
99
99
99
98
99
98
99
98
99
98
98
99
98
97
96
95
94
94
95
94
92
91
90
90
90
88
87
86
86
87
84
87
85
86
83
86
86
85
87
87
87
88
89
89
88
87
86
86
85
85
84
84
84
81
79
78
77
74
73
71
70
69
67
67
67
66
65
65
64
64
62
61
62
63
64
66
65
68
68
73
75
80
82
86
90
94
96
99
100
99
100
99
99
99
98
100
99
99
99
99
99
98
99
99
100
98
99
99
100
99
99
100
99
100
100
99
100
98
100
98
99
99
99
99
99
98
99
100
99
100
98
99
100
100
99
100
99
100
99
98
98
99
98
99
98
99
98
98
97
96
95
96
96
96
97
97
95
96
96
96
95
95
96
95
95
94
96
94
93
92
93
91
92
91
90
89
88
86
86
84
83
78
74
71
71
68
66
65
61
60
57
55
55
55
