0
0
0
0
0
0
0
0
0
0
0
0
0
0
0
0
0
0
0
0
0
0
0
0
0
0
0
0
0
0
0
0
0
0
0
0
0
0
0
0
0
0
0
0
0
0
0
0
0
0
0
1
0
1
0
0
0
0
0
0
0
0
0
1
0
0
0
0
0
0
0
0
0
0
1
0
1
2
1
3
0
1
1
1
1
1
1
0
1
0
1
2
1
0
1
2
1
1
2
3
2
2
2
1
2
2
0
1
2
3
2
2
1
1
0
2
0
0
1
1
1
2
2
3
3
5
7
10
15
16
18
22
23
26
29
32
36
38
41
42
43
44
48
52
54
55
54
55
56
55
55
54
55
54
54
54
52
50
48
46
46
44
45
44
45
42
42
40
40
38
39
39
41
42
43
42
41
43
43
45
47
50
53
53
55
54
54
55
55
55
56
55
56
57
56
56
57
58
57
55
55
55
53
52
51
51
49
48
47
48
48
46
44
43
43
41
40
37
36
35
34
32
32
30
31
29
28
25
24
23
23
21
21
19
20
21
22
23
24
26
28
32
34
42
44
50
57
63
69
73
77
79
81
85
88
91
92
93
92
92
94
93
94
93
95
95
96
98
100
99
99
100
99
100
100
100
98
97
98
99
98
99
98
97
96
96
94
95
93
91
91
89
89
88
86
86
87
85
84
83
79
78
77
76
74
73
71
72
71
73
74
70
69
69
68
66
67
67
69
68
68
68
68
67
67
66
64
62
62
61
61
61
61
63
62
62
62
60
60
58
57
57
56
55
53
53
52
49
48
47
43
44
42
40
38
37
35
32
29
27
25
23
20
18
16
14
12
9
7
5
3
0
0
0
0
0
0
0
0
0
0
0
0
0
0
0
0
0
0
0
0
0
0
0
0
0
0
0
0
0
0
0
