0
0
0
0
0
0
0
0
0
0
0
0
0
0
0
0
0
0
0
0
0
0
0
0
0
0
0
0
0
0
0
0
0
0
0
0
1
1
0
0
1
0
0
0
0
0
0
0
0
0
0
0
1
1
0
0
0
0
0
1
1
1
0
0
0
0
0
0
0
0
0
1
0
0
1
1
1
0
1
0
0
1
1
1
0
0
1
0
1
2
5
6
9
10
13
15
17
19
20
21
23
26
27
29
31
32
33
34
35
34
34
35
35
38
37
38
36
37
37
37
37
37
38
36
37
37
39
38
39
44
43
46
46
47
50
49
52
52
55
57
61
65
69
74
76
81
84
89
93
98
99
100
100
100
100
99
100
100
99
100
99
99
99
99
99
99
99
98
99
99
99
99
99
98
98
100
99
99
99
99
100
99
99
99
100
99
98
99
99
100
98
100
99
100
98
99
99
99
100
98
100
99
100
100
99
100
99
100
99
99
98
98
99
98
98
98
99
98
98
97
94
95
95
94
94
93
92
91
89
87
86
85
84
83
80
81
80
80
78
79
77
78
77
79
80
80
81
83
81
81
83
83
85
86
89
91
92
93
94
95
95
96
97
96
99
98
99
98
97
95
97
100
99
99
100
100
99
99
99
99
98
99
98
99
99
99
99
100
98
99
98
99
99
99
99
99
100
99
100
99
99
100
99
99
99
98
99
99
99
99
99
99
99
100
100
99
100
100
99
100
99
100
100
99
100
99
99
99
97
96
96
97
97
98
96
95
94
94
94
91
92
90
89
89
90
88
89
89
88
87
85
86
83
81
78
74
71
67
64
61
58
57
56
55
53
53
54
54
55
56
56
57
61
65
68
67
66
64
64
62
61
59
58
57
56
57
55
55
54
51
48
45
43
42
42
41
38
37
34
33
33
33
