0
0
0
0
0
0
0
0
0
0
0
0
0
0
0
0
0
0
0
0
0
0
0
0
0
0
0
0
0
0
0
0
0
0
0
0
0
0
0
0
0
0
0
0
0
0
0
0
0
0
1
1
0
0
0
0
1
1
0
1
1
0
0
1
0
1
0
0
0
0
0
1
1
0
1
0
0
1
0
2
3
5
7
7
8
9
10
9
10
10
12
11
13
14
16
17
19
20
20
21
23
23
24
25
25
24
22
22
23
22
23
22
21
24
21
22
22
21
22
20
21
20
20
20
19
19
19
20
22
24
24
23
25
28
30
30
31
33
35
38
42
46
51
55
57
59
62
67
71
73
77
81
85
86
92
92
95
98
99
100
99
99
99
98
98
98
99
99
98
98
99
100
97
98
100
99
98
97
96
93
91
88
89
88
89
88
89
91
93
99
99
99
99
100
98
99
99
100
98
99
99
100
99
99
99
100
99
99
99
99
98
98
98
96
96
93
92
89
89
89
89
87
87
85
84
84
83
82
80
80
78
77
77
75
74
74
73
73
72
72
70
71
71
70
70
69
70
72
70
70
70
71
67
68
68
71
73
73
74
75
77
77
80
79
81
80
82
84
87
86
87
89
89
90
92
94
98
99
99
99
97
99
99
99
98
99
99
100
99
99
99
100
100
100
100
100
100
99
99
99
99
99
99
100
99
97
98
98
97
98
99
98
100
100
99
98
98
97
95
95
95
96
97
95
96
94
94
93
94
92
94
93
93
92
93
93
92
92
92
92
92
92
91
89
88
88
87
87
85
85
82
82
79
79
76
75
75
73
73
69
67
65
64
63
62
61
61
59
58
56
53
51
50
47
46
44
44
41
41
38
35
32
30
28
27
25
21
18
13
8
3
0
0
0
0
0
0
0
0
0
0
0
