0
0
0
0
0
0
0
0
0
0
0
0
0
0
0
0
0
0
0
0
0
0
0
0
0
0
0
0
0
0
0
0
0
0
0
0
0
0
0
0
0
0
0
0
0
0
0
0
0
0
0
1
1
0
0
1
1
0
0
0
0
0
0
0
0
0
0
0
0
0
0
1
0
1
1
2
3
3
3
2
2
2
1
1
1
0
0
0
0
0
2
1
2
1
1
3
2
1
2
3
1
2
3
1
2
3
2
1
1
1
0
2
0
1
0
0
0
0
1
1
0
0
2
2
4
5
8
11
11
14
17
22
25
27
32
37
38
43
47
50
56
60
63
68
72
76
79
82
84
85
87
90
91
95
97
98
97
96
97
99
99
99
99
98
99
99
100
97
99
98
99
97
97
96
97
99
99
99
98
100
99
99
99
99
99
98
99
99
99
100
98
99
98
100
100
99
100
98
100
99
99
100
99
99
99
100
98
98
98
97
96
96
95
95
96
95
96
95
96
95
94
94
94
92
91
92
90
90
89
88
86
86
86
85
83
84
81
79
78
78
75
75
76
75
72
72
71
71
71
72
72
74
72
71
70
70
69
68
69
70
71
72
73
74
76
75
77
80
80
79
79
83
83
86
87
87
88
93
99
99
99
99
99
100
99
100
99
99
99
99
99
100
99
100
100
99
100
99
98
99
99
99
99
99
99
99
99
99
99
99
100
99
100
99
100
100
99
98
99
98
99
98
99
99
100
98
99
95
96
95
96
94
93
92
93
92
90
88
87
85
83
83
83
82
82
81
79
79
79
77
77
78
76
74
73
72
70
69
68
67
66
65
65
64
63
61
60
59
57
54
52
50
48
46
46
43
43
39
37
34
32
29
27
24
21
19
16
11
6
1
0
0
0
0
0
0
0
0
0
0
0
0
