0
0
0
0
0
0
0
0
0
0
0
0
0
0
0
0
0
0
0
0
0
0
0
0
0
0
0
0
0
0
0
0
0
0
0
0
0
0
0
0
0
0
0
0
0
0
0
0
0
0
0
1
1
1
0
1
0
0
0
0
0
0
0
0
0
1
0
0
0
0
0
0
0
0
1
0
0
0
1
1
1
2
3
3
4
6
7
8
8
8
8
7
8
9
11
11
11
11
11
13
11
12
13
13
13
13
13
14
14
13
13
13
13
12
10
10
8
9
8
7
9
8
10
10
13
12
13
13
15
19
22
25
27
30
33
37
40
44
48
50
55
59
60
62
65
71
72
77
81
84
84
87
90
93
92
93
93
91
89
89
87
87
89
87
89
88
87
87
86
85
84
84
83
83
83
83
82
83
82
83
80
80
81
82
86
86
88
91
93
96
96
99
99
100
100
99
100
98
100
99
98
99
98
97
98
98
97
97
96
95
94
92
93
92
91
89
88
87
87
86
86
84
85
84
84
83
82
81
80
78
79
78
80
78
78
79
77
77
76
75
73
75
74
73
73
73
74
73
74
75
77
78
77
78
76
76
77
75
75
74
75
74
74
72
72
72
74
73
73
73
73
73
73
73
75
77
78
80
81
81
82
85
85
88
90
92
95
100
98
100
100
99
100
99
100
99
100
100
100
99
99
99
99
100
99
99
99
99
99
98
99
99
99
98
99
99
99
99
99
99
99
99
99
99
100
96
97
98
99
98
98
98
97
98
99
100
99
99
100
99
100
99
99
99
99
99
99
98
97
95
94
95
94
93
94
96
97
96
98
98
98
99
100
99
99
98
98
99
100
99
99
98
99
97
98
95
95
94
95
94
93
92
90
90
88
88
85
82
82
80
77
77
75
73
71
70
67
67
62
60
60
60
