0
0
0
0
0
0
0
0
0
0
0
0
0
0
0
0
0
0
0
0
0
0
0
0
0
0
0
0
0
0
0
0
0
0
0
0
0
0
0
0
0
0
0
0
0
0
0
0
0
0
0
1
0
0
0
0
1
0
1
1
1
1
0
0
0
0
0
0
0
0
0
0
0
0
1
1
2
2
3
3
3
4
2
3
4
3
3
3
5
6
8
9
10
11
12
13
13
13
15
16
17
17
17
17
18
18
19
17
18
18
18
20
19
21
21
20
19
20
21
21
20
21
20
20
22
22
21
22
23
26
25
28
29
30
33
36
41
46
48
52
55
59
61
65
69
73
77
81
85
89
92
97
100
100
100
98
99
98
98
99
99
99
99
98
99
99
98
97
97
96
99
99
99
100
98
98
99
98
98
99
98
98
98
99
100
97
96
99
99
99
99
100
99
99
99
100
100
99
99
99
99
98
100
100
98
100
99
99
98
98
97
94
92
91
90
90
90
88
86
88
86
85
84
85
82
82
83
81
81
81
80
80
78
77
77
77
75
73
71
72
69
69
68
66
64
65
63
62
62
60
62
64
62
61
60
61
60
61
62
62
64
64
65
64
66
65
68
70
72
75
78
80
83
88
92
96
100
99
100
99
99
99
99
99
99
100
99
99
99
98
99
99
100
99
100
99
100
100
100
100
99
100
99
100
99
99
99
99
98
99
100
98
99
99
98
98
96
97
97
98
97
97
97
95
95
93
93
91
90
88
88
85
86
83
83
82
82
85
84
83
83
81
81
80
81
81
80
81
80
81
80
83
81
80
78
75
74
71
70
68
66
68
65
66
66
65
64
64
64
62
61
59
58
55
55
53
52
49
48
47
45
43
40
37
34
32
28
23
18
13
8
3
0
0
0
0
0
0
0
0
0
0
