0
0
0
0
0
0
0
0
0
0
0
0
0
0
0
0
0
0
0
0
0
0
0
0
0
0
0
0
0
0
0
0
0
0
0
0
0
0
0
0
0
0
0
0
0
0
0
0
0
0
0
1
1
1
0
1
0
1
0
0
1
0
0
0
0
0
0
0
0
0
0
0
0
0
1
0
1
2
2
3
3
3
1
0
1
0
0
0
0
0
0
0
0
0
1
1
0
2
1
1
0
2
1
1
1
1
1
2
1
1
2
2
0
2
0
0
1
1
0
0
0
0
1
0
0
0
0
1
0
2
0
3
3
4
4
5
5
6
6
4
4
5
4
5
5
6
5
6
5
5
4
4
7
7
8
5
4
3
1
2
4
3
7
6
5
6
8
7
10
12
13
15
16
18
18
17
17
17
18
18
19
20
23
22
22
23
26
28
28
28
29
30
30
31
32
32
32
34
35
36
37
36
37
39
37
39
40
39
39
37
35
34
35
33
34
34
34
34
35
34
35
35
33
34
34
34
37
43
44
44
45
48
52
50
50
49
47
48
47
47
46
45
44
44
43
42
42
41
40
40
38
37
36
35
35
37
35
35
35
35
37
35
37
36
35
34
35
33
37
37
39
36
35
33
32
31
30
30
28
26
27
25
24
24
24
23
21
19
17
15
13
10
10
9
8
5
4
2
1
0
0
1
0
0
0
2
2
0
0
1
0
1
1
0
1
0
1
1
2
3
4
4
6
7
8
8
8
6
8
8
8
6
6
6
5
4
3
3
3
3
3
3
3
1
0
1
0
0
0
0
0
1
0
0
0
0
0
0
0
0
0
0
0
0
0
0
0
0
0
0
0
0
0
0
0
0
0
0
0
0
0
0
0
0
0
0
0
0
0
0
0
0
0
0
0
0
0
0
0
0
0
0
