0
0
0
0
0
0
0
0
0
0
0
0
0
0
0
0
0
0
0
0
0
0
0
0
0
0
0
0
0
0
0
0
1
1
0
0
0
0
0
0
0
0
0
0
0
0
0
0
0
0
0
1
0
1
1
0
1
1
0
1
0
1
0
0
0
1
0
0
0
0
0
1
0
1
1
1
1
0
2
1
0
1
0
0
1
0
0
0
1
0
0
0
1
0
1
1
1
1
1
1
2
2
1
1
1
1
2
1
2
1
0
1
1
1
0
1
0
1
2
1
2
1
2
3
2
6
9
13
13
15
17
18
21
25
30
33
35
37
40
43
47
49
52
55
56
59
59
61
61
62
63
62
61
59
58
57
59
59
58
58
59
60
58
58
58
56
56
57
57
55
58
57
58
58
59
60
60
60
61
64
67
68
71
71
74
75
76
75
75
74
75
77
76
77
77
78
79
81
80
80
81
80
79
80
80
79
83
83
82
82
81
80
80
78
77
75
75
74
74
73
71
70
70
68
68
66
65
63
62
61
59
57
57
56
55
52
50
48
47
46
45
45
42
43
41
42
44
43
44
46
48
49
49
51
52
55
58
59
60
59
59
59
63
64
64
64
66
66
66
68
69
70
69
71
72
76
79
81
88
94
98
99
98
99
98
100
99
100
99
99
99
98
99
98
99
98
98
99
99
99
99
99
99
100
99
99
99
98
100
99
100
99
98
98
98
99
100
99
98
98
98
96
96
95
97
97
97
96
98
98
97
95
96
94
94
93
92
92
90
89
90
88
90
88
87
88
89
88
87
89
87
89
88
90
90
90
92
92
92
94
93
91
93
91
91
91
91
90
89
87
87
85
84
82
84
83
81
80
80
79
78
77
76
76
73
70
67
65
61
58
55
52
49
45
41
38
34
33
27
24
24
24
