0
0
0
0
0
0
0
0
0
0
0
0
0
0
0
0
0
0
0
0
0
0
0
0
0
0
0
0
0
0
0
0
0
0
0
0
0
0
0
0
0
0
0
0
0
0
0
0
0
0
0
0
1
0
1
1
0
1
0
1
0
0
0
1
0
0
0
0
0
0
0
0
0
0
1
0
0
0
1
1
0
0
0
0
1
0
1
0
1
1
2
3
6
7
10
12
13
15
17
18
19
21
22
23
24
25
27
27
28
29
28
30
30
32
31
32
30
31
32
33
34
33
33
34
33
34
36
38
39
42
42
45
43
44
45
46
48
50
52
56
59
64
67
73
75
81
84
88
93
98
100
100
100
100
100
99
100
100
99
100
99
99
99
99
99
99
100
99
99
99
99
98
100
100
98
100
99
100
100
99
99
99
99
98
99
97
97
99
99
99
99
99
99
99
99
99
100
100
99
99
100
99
100
99
99
100
98
100
98
97
97
96
96
96
95
94
95
93
92
92
92
91
92
92
92
90
91
92
90
89
89
87
87
85
84
84
83
82
80
82
79
80
80
80
78
79
79
78
79
79
82
84
85
89
91
93
95
95
99
99
99
98
99
99
99
98
100
98
98
97
99
100
99
100
100
100
99
99
100
99
98
99
99
98
99
99
98
100
99
99
98
100
98
99
100
100
100
100
100
99
99
100
99
100
99
99
99
99
99
99
100
99
99
99
99
98
99
98
96
94
92
90
89
88
88
87
87
86
86
84
85
85
86
85
84
84
85
86
87
86
85
86
87
87
86
86
85
85
84
83
82
81
78
78
74
73
73
71
68
65
63
61
59
58
56
55
52
50
47
45
41
38
36
35
34
32
29
28
23
21
17
13
10
5
0
0
0
0
0
0
0
0
0
0
0
0
0
0
0
0
0
0
