0
0
0
0
0
0
0
0
0
0
0
0
0
0
0
0
0
0
0
0
0
0
0
0
0
0
0
0
0
0
1
1
0
0
0
0
0
0
0
0
0
0
1
0
0
0
1
0
0
0
0
1
1
1
0
1
0
1
0
1
0
0
0
1
0
1
0
0
0
0
0
0
1
0
0
0
0
1
1
0
1
1
2
1
1
0
1
2
3
3
6
6
8
8
10
11
12
13
14
15
17
18
19
20
21
22
24
25
25
25
26
25
25
28
28
28
27
28
29
28
28
28
27
30
29
30
32
32
33
36
37
41
41
42
43
45
47
49
51
56
59
63
66
69
73
76
80
86
90
96
99
100
100
100
100
100
100
100
99
100
99
99
99
99
99
99
100
99
100
99
100
99
99
99
98
100
99
99
99
100
99
99
99
99
99
99
98
99
99
98
99
99
99
100
99
99
99
99
98
99
100
100
100
100
98
100
99
99
99
98
99
98
99
97
97
97
97
97
98
98
98
98
97
98
97
98
97
98
97
96
97
96
97
97
97
96
96
98
98
96
96
96
95
94
94
92
91
93
96
98
100
100
99
99
99
99
99
98
99
98
99
99
100
98
98
98
100
99
99
98
99
100
99
99
99
100
99
99
98
97
98
98
99
99
98
99
99
100
98
100
99
100
99
100
100
100
100
99
100
100
99
100
99
99
99
99
99
98
99
99
99
99
99
100
100
100
99
98
99
100
100
100
100
97
99
99
99
98
97
96
97
96
97
97
98
98
96
97
97
96
95
93
92
92
90
89
89
88
86
85
80
79
77
75
71
68
64
61
58
55
52
47
44
41
41
42
43
45
47
47
49
50
52
54
56
55
53
51
48
47
45
43
40
39
37
35
36
34
29
26
23
20
19
16
13
10
6
4
0
1
1
1
