0
0
0
0
0
0
0
0
0
0
0
0
0
0
0
0
0
0
0
0
0
0
0
0
0
0
0
0
0
0
0
0
0
0
0
0
0
0
0
0
0
0
0
0
0
0
0
0
0
0
0
0
1
1
0
0
0
0
0
1
0
1
0
1
0
0
0
0
0
1
0
0
0
0
1
0
1
1
1
0
1
0
1
1
1
1
2
3
4
6
8
9
12
13
15
16
17
19
20
21
23
23
22
23
24
23
24
24
24
25
24
25
25
28
25
24
23
24
23
24
24
23
23
23
22
25
24
27
25
29
27
30
29
30
31
32
35
37
38
40
44
47
50
53
56
59
63
67
70
74
75
81
83
87
91
95
100
100
99
100
98
99
99
99
98
98
98
99
100
98
99
97
98
98
99
100
100
100
99
100
98
98
99
98
97
96
96
97
95
96
96
95
96
97
99
99
99
100
99
100
100
98
100
100
99
100
99
99
98
96
99
98
99
96
96
96
98
97
99
98
98
96
96
98
97
98
99
100
97
99
98
98
98
96
96
96
95
94
92
93
90
89
88
87
86
86
86
89
91
96
98
100
99
99
97
98
98
98
98
98
99
99
99
98
99
98
97
98
98
97
98
99
97
100
99
100
99
99
99
99
98
98
98
97
98
99
99
99
99
100
99
99
98
99
100
99
100
99
100
100
99
100
99
99
99
98
99
98
99
98
99
99
99
100
99
100
99
100
98
100
99
100
100
99
99
98
99
97
97
98
96
97
98
100
98
98
95
94
93
94
94
91
87
85
83
82
80
77
75
73
69
67
62
61
57
56
52
50
47
43
42
39
36
37
35
34
35
35
38
39
42
45
46
44
43
41
42
39
37
35
32
31
28
27
24
22
20
16
13
12
10
9
7
4
3
0
0
1
0
1
1
1
