0
0
0
0
0
0
0
0
0
0
0
0
0
0
0
0
0
0
0
0
0
0
0
0
0
0
0
0
0
0
0
0
0
0
0
0
0
0
0
0
0
0
0
0
0
0
0
0
0
0
0
1
0
1
1
0
1
1
0
1
0
1
0
0
0
1
0
1
0
0
0
0
0
1
1
0
0
0
0
0
0
0
1
1
0
0
0
0
0
0
1
0
1
1
1
1
1
2
1
0
2
1
1
1
1
2
0
2
1
2
0
1
1
2
0
1
0
0
1
3
3
4
5
8
7
9
10
13
12
15
18
21
23
22
25
27
31
33
34
37
37
38
38
39
38
39
40
42
40
40
38
39
39
38
38
36
37
35
36
35
34
32
33
32
33
31
33
33
33
34
36
36
36
36
36
37
39
38
36
37
37
36
35
35
35
35
34
36
34
37
37
37
36
37
37
36
37
39
38
38
39
40
39
39
39
37
37
38
37
37
36
33
32
30
29
30
30
30
29
26
26
25
25
24
22
21
20
21
20
21
22
24
25
27
29
32
34
39
43
49
52
57
62
67
72
76
80
83
84
86
89
89
88
89
88
88
88
88
88
86
87
86
86
85
85
85
87
88
88
88
90
93
92
93
92
91
88
87
86
84
83
82
81
83
82
84
85
85
84
83
83
82
83
81
80
82
82
80
80
78
79
77
76
74
72
74
73
75
74
74
75
75
76
76
76
76
77
77
77
78
78
78
78
76
75
74
74
72
71
68
67
65
65
65
65
64
62
63
61
59
60
60
59
57
56
55
55
54
53
52
49
50
46
43
42
40
39
38
35
34
32
31
27
26
24
23
20
18
17
15
13
11
11
8
6
2
1
0
0
0
0
0
0
0
0
0
0
0
0
0
0
0
0
0
0
0
0
0
0
0
0
0
