0
0
0
0
0
0
0
0
0
0
0
0
0
0
0
0
0
0
0
0
0
0
0
0
1
1
0
0
0
0
0
0
0
0
0
0
0
0
0
0
0
0
0
0
0
0
0
0
0
0
0
1
1
0
0
0
0
0
1
1
1
0
0
1
0
1
0
0
0
0
0
0
1
0
0
0
0
1
2
2
2
3
4
4
4
3
4
4
5
4
5
5
6
8
10
10
12
13
14
14
15
16
17
19
21
21
23
24
25
24
23
25
24
27
25
25
25
25
25
24
26
25
25
26
27
28
29
29
32
33
34
36
36
36
38
40
42
44
45
46
49
53
56
60
63
68
71
72
76
81
86
91
95
97
100
100
100
100
99
100
99
99
99
99
99
99
100
99
100
99
99
99
100
99
99
100
99
100
99
100
97
99
99
99
99
97
97
99
99
99
99
99
99
98
100
100
99
100
99
100
100
100
100
99
99
100
99
99
98
97
97
97
98
97
98
97
95
91
92
91
91
91
90
90
91
91
91
90
90
90
90
90
91
91
92
91
90
87
87
89
87
88
89
88
89
90
87
87
89
89
90
93
94
93
95
97
99
98
98
97
99
98
99
99
99
98
99
97
98
99
100
99
99
100
99
100
99
99
99
99
99
99
99
99
99
99
98
98
99
99
99
100
100
100
99
100
99
100
100
100
99
100
99
100
99
99
99
99
99
99
100
98
98
98
98
99
96
97
97
96
96
94
91
89
89
87
87
84
84
84
86
87
87
87
87
88
88
87
87
86
86
86
84
84
84
85
85
85
83
83
81
83
80
79
77
75
76
75
72
71
69
66
63
62
59
57
55
52
49
47
45
42
41
37
37
34
32
28
23
20
15
11
7
3
0
0
0
0
0
0
0
0
0
0
0
0
0
0
0
0
0
0
