0
0
0
0
0
0
0
0
0
0
0
0
0
0
0
0
0
0
0
0
0
0
0
0
0
0
0
0
0
0
0
0
0
0
0
0
0
0
0
0
0
0
0
0
0
0
0
0
0
0
0
0
1
0
1
1
0
1
0
1
1
0
0
0
0
0
0
0
0
0
0
0
2
0
1
0
1
0
1
1
1
0
1
0
1
0
1
0
2
3
4
6
8
10
12
14
14
15
17
17
18
17
19
20
22
22
24
26
26
27
26
28
28
30
29
30
29
30
31
32
31
32
31
33
35
37
37
38
40
41
41
43
43
46
48
50
50
52
55
59
63
67
71
75
77
82
85
91
95
100
100
100
100
100
100
100
100
100
99
100
99
99
99
99
99
99
100
99
100
99
99
99
99
100
99
98
99
100
98
99
97
97
98
97
98
99
99
99
99
99
99
100
99
100
100
99
100
99
98
100
100
100
100
100
99
99
99
98
98
96
96
95
95
94
95
95
95
94
95
95
96
94
95
93
94
94
94
95
95
95
95
94
96
95
94
93
93
93
91
92
93
93
92
91
91
92
92
94
94
96
95
95
95
94
95
98
99
99
99
98
99
99
99
97
100
98
99
99
99
99
98
98
98
98
99
100
100
99
100
99
99
99
99
99
99
99
99
99
99
100
98
99
99
98
100
99
100
100
99
100
98
98
99
100
99
99
99
99
99
99
99
99
100
100
100
100
99
99
100
99
99
98
97
96
96
95
96
95
96
94
95
94
94
93
92
93
91
88
89
88
88
88
86
87
88
87
86
87
85
84
81
80
79
75
74
74
72
71
70
70
69
66
64
62
62
61
58
57
55
53
51
49
48
45
43
41
39
36
36
34
32
29
26
23
22
21
19
17
14
12
11
8
5
2
0
0
0
0
0
0
0
0
