0
0
0
0
0
0
0
0
0
0
0
0
0
0
0
0
0
0
0
0
0
0
0
0
0
0
0
0
0
0
0
0
0
0
0
0
0
0
0
0
0
0
0
0
0
0
0
0
0
0
0
1
0
1
1
0
1
1
0
1
0
1
0
0
0
1
0
0
0
0
0
0
1
0
1
0
1
1
0
1
0
0
1
0
0
0
0
0
1
0
0
0
1
0
1
1
0
2
1
2
0
1
0
1
2
1
1
0
1
1
0
1
0
2
0
0
1
1
2
2
2
4
4
6
7
10
12
14
13
17
20
24
25
28
32
34
36
35
38
39
40
41
42
44
45
43
45
45
43
44
45
47
47
46
45
45
44
44
42
42
41
39
39
38
37
35
38
39
41
40
41
43
46
43
42
44
43
45
45
46
47
49
52
49
48
52
55
56
57
60
59
62
63
64
65
64
64
63
63
62
61
60
60
58
57
55
56
57
56
58
57
57
55
53
53
51
51
48
46
44
43
42
41
39
39
37
35
34
34
32
32
30
30
30
27
28
26
27
23
24
24
24
25
25
26
28
28
31
33
36
39
40
43
45
50
56
59
62
66
70
75
76
78
79
82
82
85
88
91
94
99
100
100
100
99
100
99
99
99
99
99
99
99
98
99
100
98
99
98
98
97
97
96
96
96
94
94
93
91
90
89
89
87
88
88
88
87
87
87
88
87
85
85
85
82
81
79
80
79
78
78
77
77
76
76
73
72
71
71
69
68
69
68
68
68
69
69
70
70
67
68
68
69
66
65
65
62
60
59
59
56
56
52
51
49
46
45
42
42
39
37
34
32
28
26
24
23
20
18
16
13
8
5
0
0
0
0
0
0
0
0
0
0
0
0
0
0
0
0
0
0
0
0
0
0
0
0
0
0
0
0
0
