0
0
0
0
0
0
0
0
0
0
0
0
0
0
0
0
0
0
0
0
0
0
0
0
0
0
1
1
0
0
1
1
0
0
0
0
0
0
0
0
0
0
0
0
0
0
0
0
0
0
0
1
0
0
0
1
0
1
0
1
0
0
0
0
0
0
0
0
0
0
0
1
1
0
0
0
1
1
0
1
1
1
1
1
1
1
2
1
5
5
7
8
10
12
13
14
14
15
15
16
17
18
18
19
18
20
20
20
20
21
21
23
22
23
21
20
21
21
20
20
20
20
20
20
21
23
23
24
25
29
30
30
32
35
35
36
38
42
46
50
54
57
59
62
66
70
74
80
84
86
90
93
95
100
100
100
100
100
98
100
98
99
99
99
99
99
99
98
98
98
99
99
99
98
98
97
96
98
98
98
98
98
99
97
97
96
97
98
96
97
97
99
99
100
100
100
99
99
99
99
100
99
100
100
98
97
97
99
98
98
98
98
97
96
96
94
95
93
93
94
92
92
93
92
91
90
91
89
90
89
91
90
90
88
88
88
87
86
86
86
83
82
82
80
79
80
78
79
78
78
78
76
76
77
79
77
79
79
81
82
85
86
89
89
92
90
92
93
93
93
93
95
96
97
99
100
99
98
100
99
99
99
99
100
99
99
99
100
99
100
100
100
100
99
100
99
100
99
100
100
99
99
99
99
98
98
99
98
99
98
98
98
98
98
98
98
99
98
100
99
97
96
95
93
93
91
92
91
88
88
88
87
86
86
85
83
81
80
78
75
74
72
71
70
69
68
67
68
67
66
65
65
61
59
54
50
47
43
42
40
40
40
42
43
43
45
49
50
51
52
54
53
54
54
53
49
47
45
44
40
42
40
40
39
37
35
32
29
28
25
24
23
21
20
16
12
9
7
3
1
1
1
