0
0
0
0
0
0
0
0
0
0
0
0
0
0
0
0
0
0
0
0
0
0
0
0
0
0
0
0
0
0
0
0
0
0
0
0
0
0
0
0
0
0
0
0
0
0
0
0
0
0
0
1
1
1
0
1
0
1
0
1
0
0
0
0
0
1
0
0
0
0
0
0
1
0
0
0
0
0
1
1
1
0
1
2
4
3
3
2
2
2
2
1
1
1
0
1
1
0
1
1
2
1
1
1
0
1
1
1
2
2
0
1
1
1
1
0
0
1
1
0
3
2
1
3
2
6
9
11
13
17
22
26
31
35
37
40
42
44
46
47
51
54
57
61
65
67
65
65
65
65
66
67
67
65
66
65
65
63
61
59
58
56
55
52
50
50
49
48
48
47
47
46
45
42
41
39
39
39
40
41
42
45
46
48
48
48
47
47
47
48
49
49
50
51
52
54
54
53
52
53
52
53
53
52
52
51
49
51
51
49
46
45
43
41
42
41
39
38
38
38
36
34
34
33
31
29
27
25
24
22
21
17
16
16
16
19
18
20
19
21
21
23
25
29
32
37
41
45
49
53
56
59
62
64
66
68
70
70
72
72
72
72
73
74
74
71
72
69
72
71
73
74
75
79
83
87
88
86
85
86
87
88
87
87
88
88
87
88
86
86
85
85
85
85
86
84
83
83
84
82
80
80
80
79
79
78
79
78
79
79
78
79
78
79
79
80
80
80
82
81
81
82
80
80
79
78
77
76
75
74
71
70
67
65
64
62
59
58
55
54
52
51
49
47
47
46
47
45
44
44
41
42
40
38
35
35
32
30
30
26
26
22
20
18
15
12
10
8
7
7
6
3
3
0
1
0
1
0
0
0
0
0
0
0
0
0
0
0
0
0
0
0
0
0
0
0
0
0
0
0
0
0
