0
0
0
0
0
0
0
0
0
0
0
0
0
0
0
0
0
0
0
0
0
0
0
0
0
0
0
0
0
0
0
0
0
0
0
0
0
0
0
0
0
0
0
0
0
0
0
0
0
0
0
1
1
0
0
1
1
0
0
0
0
0
0
0
0
0
0
0
0
0
0
0
0
0
0
1
1
0
0
0
1
0
0
0
0
0
0
0
0
0
1
1
2
2
2
3
2
2
1
2
1
2
3
2
2
3
3
2
2
2
2
3
1
2
0
1
0
0
1
0
3
4
4
2
5
4
6
8
12
13
15
18
21
21
26
28
31
33
36
39
43
47
49
54
54
58
60
62
63
64
64
66
65
66
69
69
69
68
68
67
65
64
65
65
65
65
64
63
61
61
61
61
60
59
59
60
59
59
60
61
61
60
58
58
59
61
64
67
70
73
76
78
78
79
81
82
83
83
82
83
84
85
86
88
87
86
87
88
86
85
85
84
83
82
80
79
80
78
78
78
77
75
74
71
71
69
68
66
66
62
64
61
61
58
59
57
56
54
53
52
51
49
49
49
48
50
49
52
51
50
49
49
48
49
48
50
50
50
52
53
55
56
57
58
60
63
67
69
69
68
70
69
68
71
72
79
81
88
94
99
99
99
98
99
98
100
99
99
99
99
100
99
98
100
100
100
99
99
100
98
99
99
98
100
99
99
99
99
99
99
100
98
99
99
100
99
98
99
99
98
98
98
99
97
99
97
99
98
97
97
97
97
98
99
97
98
99
98
100
98
99
98
98
97
97
97
96
96
96
96
94
97
96
96
96
96
98
97
96
96
98
98
97
97
96
94
94
93
92
90
88
88
89
88
86
85
86
81
80
78
78
76
74
73
72
71
68
66
66
63
59
58
56
53
50
47
43
41
36
33
33
33
