0
0
0
0
0
0
0
0
0
0
0
0
0
0
0
0
0
0
0
0
0
0
0
0
0
0
0
0
0
0
1
1
0
0
1
1
0
0
0
0
0
0
0
0
0
0
0
0
0
0
0
0
0
1
1
1
1
0
0
0
1
1
0
1
0
1
0
0
0
0
0
0
1
1
0
1
0
1
1
0
0
1
1
1
1
0
1
0
2
2
4
5
8
9
12
14
15
16
17
19
21
22
23
23
25
25
27
28
29
30
29
31
30
32
32
31
31
33
33
33
35
33
34
35
35
37
39
40
43
45
46
47
49
50
51
52
54
56
58
61
65
68
73
77
80
83
87
94
97
100
100
99
100
100
100
100
100
100
99
100
99
99
99
99
99
98
99
98
99
98
100
98
99
99
99
98
99
100
98
99
98
98
98
99
100
99
99
98
98
99
99
99
99
99
98
99
98
98
100
100
100
99
100
99
99
99
99
99
99
98
99
99
99
98
99
98
99
97
98
96
94
95
95
93
93
92
90
90
88
89
87
86
87
85
84
84
84
83
81
80
78
78
79
80
79
80
81
80
82
83
82
82
79
79
78
78
75
74
75
72
72
71
70
68
69
67
66
66
64
62
62
61
60
61
61
60
60
59
57
56
54
55
55
60
61
65
65
68
70
74
77
80
85
88
93
96
100
99
100
99
99
99
99
99
99
99
99
98
99
98
99
99
100
99
99
100
99
99
99
100
100
100
99
99
99
99
100
99
99
99
99
99
98
99
99
99
99
99
100
99
100
100
100
99
99
100
98
100
98
99
96
99
96
96
95
94
93
93
92
90
89
88
89
89
90
91
91
91
91
91
92
92
95
94
94
93
93
94
94
93
93
94
92
91
91
90
89
89
87
86
85
84
84
80
79
79
75
74
71
70
70
70
