0
0
0
0
0
0
0
0
0
0
0
0
0
0
0
0
0
0
0
0
0
1
0
0
1
1
0
0
1
1
0
0
1
1
0
0
1
1
0
0
1
0
0
0
1
0
0
1
1
0
1
1
0
1
0
0
1
1
0
0
1
0
0
0
0
1
0
0
0
1
0
0
0
1
0
1
0
0
0
0
1
1
1
1
1
0
1
1
4
5
7
8
11
13
14
16
18
19
21
22
24
24
26
27
29
30
31
32
33
33
32
33
33
35
34
34
34
35
34
35
34
35
34
36
36
36
35
37
38
41
40
43
43
44
45
46
48
49
50
52
55
58
63
67
71
76
77
82
86
90
94
99
100
100
100
100
100
100
99
100
99
99
99
99
99
99
100
99
100
99
99
98
99
99
100
100
99
100
99
98
99
97
97
97
98
98
98
99
99
99
99
100
99
100
100
99
99
100
100
100
100
99
100
100
99
100
99
99
99
99
99
98
98
98
99
98
99
97
99
97
97
96
95
96
96
96
97
98
98
98
99
98
98
97
98
96
96
98
96
96
96
96
96
95
96
97
97
98
99
99
99
99
98
98
97
95
97
95
96
95
96
93
93
92
92
91
90
90
89
88
86
86
86
84
82
83
81
79
79
78
77
76
78
77
77
77
75
76
75
75
76
76
77
79
81
82
86
87
90
92
92
93
96
96
98
98
98
98
99
99
99
99
100
100
100
100
99
100
99
100
99
100
99
99
99
98
99
99
99
99
99
99
99
100
99
100
99
100
99
99
99
100
99
100
99
100
100
100
99
100
99
100
99
99
99
99
97
96
94
93
92
90
90
90
91
91
89
89
89
89
90
88
90
90
91
89
89
87
88
86
88
89
90
92
92
90
88
88
87
85
84
83
82
78
75
74
71
69
67
68
68
68
