0
0
0
0
0
0
0
0
0
0
0
0
0
0
0
0
0
0
0
0
0
0
0
0
0
0
0
0
0
0
0
1
0
0
1
1
0
0
0
0
0
0
0
0
0
0
1
0
0
0
0
1
1
1
0
1
0
1
0
1
1
0
0
0
0
1
0
0
0
0
0
0
1
0
1
0
1
0
0
1
1
2
1
1
3
3
4
4
6
8
9
8
9
9
11
13
14
15
16
17
19
20
21
21
23
25
24
26
27
27
27
28
28
30
29
29
30
30
31
29
30
28
30
29
29
29
30
29
31
33
33
36
36
39
41
42
43
44
46
49
51
54
57
62
64
66
68
72
74
80
83
87
92
97
100
100
100
99
99
100
99
99
99
99
99
99
100
99
100
99
99
99
99
99
100
100
99
98
100
99
99
99
99
97
97
98
99
99
98
98
98
99
99
97
100
99
99
100
100
99
100
100
100
100
99
99
99
99
98
96
99
96
99
98
99
98
98
96
97
95
93
92
92
89
88
89
88
87
87
86
86
83
82
79
79
80
80
80
79
79
78
77
78
78
79
80
78
80
85
86
89
90
92
95
95
98
99
97
99
99
99
99
99
98
99
97
99
99
98
100
99
100
98
100
99
99
98
99
99
99
99
98
99
99
99
100
99
100
99
99
100
100
100
99
100
100
100
100
100
100
99
99
99
99
99
98
99
99
99
99
99
98
99
100
100
99
99
100
100
100
100
100
99
97
97
96
96
93
93
92
92
91
91
90
90
92
90
87
88
84
82
80
79
77
74
74
72
70
68
65
63
62
57
55
52
49
46
42
39
37
34
33
33
35
36
39
41
45
47
49
49
51
52
52
53
50
49
47
43
41
41
40
37
36
36
37
36
34
33
31
30
29
28
25
23
20
18
18
15
14
14
14
