0
0
0
0
0
0
0
0
0
0
0
0
0
0
0
0
0
0
0
0
0
0
0
0
1
1
0
0
1
1
0
0
1
1
0
0
1
1
0
0
1
0
0
0
1
0
0
1
1
0
1
1
0
0
1
0
0
1
1
0
0
0
0
0
0
1
0
1
0
0
0
0
0
0
0
0
1
0
0
0
0
1
1
1
1
0
1
0
3
2
4
4
7
8
11
11
11
12
14
16
16
18
19
20
21
23
24
24
25
26
25
26
26
28
27
27
27
26
28
28
28
26
26
25
28
28
30
31
31
33
34
34
34
38
40
42
43
45
50
53
56
60
62
69
73
80
82
88
92
97
99
100
100
100
100
100
100
99
99
100
99
99
99
99
99
98
99
98
99
98
100
98
98
100
99
100
99
99
98
100
99
99
99
99
99
99
98
99
99
99
98
99
99
100
99
100
99
99
99
99
99
99
100
99
99
99
99
100
99
99
99
98
99
98
98
98
98
97
95
94
92
92
91
89
88
88
87
85
86
86
85
84
83
82
79
78
77
75
74
74
73
74
73
75
75
75
76
77
78
80
79
80
81
83
84
89
90
91
94
95
97
96
98
99
99
97
99
100
98
97
97
99
99
100
99
100
99
99
99
99
98
99
98
99
99
99
99
100
99
99
98
99
99
100
98
100
100
100
100
100
99
100
99
100
99
99
99
99
99
99
100
99
100
100
100
99
100
99
100
100
99
100
99
99
98
97
97
94
94
91
91
89
91
93
93
92
92
91
91
90
89
89
88
87
85
85
83
81
80
78
75
74
71
71
69
68
69
68
67
65
66
67
66
67
67
70
71
74
75
77
76
75
75
74
73
71
69
70
70
69
71
70
70
70
70
69
69
69
68
67
66
64
63
61
58
55
53
53
49
48
48
48
