0
0
0
0
0
0
0
0
0
0
0
0
0
0
0
0
0
0
0
0
0
0
0
0
0
0
0
0
0
0
0
0
0
0
0
0
0
0
0
0
0
0
0
0
0
0
0
0
0
0
0
0
1
0
0
0
1
0
0
0
0
0
0
1
0
0
0
0
0
0
0
0
0
0
1
1
0
1
0
0
1
0
1
1
2
3
4
4
5
6
8
10
12
12
14
15
16
17
17
18
20
18
19
19
19
21
20
20
19
18
17
20
19
20
17
18
18
19
18
17
19
16
17
18
17
18
18
20
20
21
21
25
26
29
34
34
38
41
45
49
54
58
61
65
68
73
77
82
84
87
88
88
89
90
90
90
91
90
89
89
90
88
89
87
89
88
88
87
88
87
91
89
87
86
86
85
85
84
84
86
84
86
85
85
86
88
91
93
95
96
99
99
99
100
99
100
99
98
99
99
100
100
98
99
99
97
96
97
97
93
93
92
92
92
93
91
92
90
88
90
89
88
87
86
85
83
83
82
81
82
81
80
78
78
75
73
72
71
68
67
66
66
64
62
61
61
61
62
62
59
58
57
56
56
55
53
51
50
49
48
48
46
46
45
46
46
46
48
48
50
52
53
56
56
57
60
61
62
65
70
76
82
89
96
99
100
99
99
99
99
99
98
98
100
100
99
100
99
100
98
99
99
99
99
99
99
99
97
99
98
99
99
98
99
98
99
98
97
97
95
96
94
94
93
95
94
95
93
93
91
89
89
90
91
92
93
95
94
95
93
92
92
92
91
90
91
88
88
87
88
86
89
87
87
85
85
84
84
84
84
85
85
85
85
84
83
82
82
80
78
77
77
76
73
72
71
71
68
66
64
62
61
58
56
52
50
47
45
42
40
37
34
31
27
24
22
17
15
11
8
8
8
