0
0
0
0
0
0
0
0
0
0
0
0
0
0
0
0
0
0
0
0
0
0
0
0
0
0
0
0
0
0
0
0
0
0
0
0
0
0
0
0
0
0
0
0
1
0
0
0
0
0
0
1
0
0
0
1
0
1
0
0
1
0
0
0
0
1
0
0
0
0
0
1
1
0
0
0
1
1
0
1
1
2
1
2
3
4
7
5
6
4
4
3
3
2
3
2
1
0
0
1
1
1
2
1
1
1
1
1
0
1
1
1
0
1
0
0
0
0
1
2
0
2
4
3
8
10
11
14
14
18
20
22
24
27
30
32
34
33
33
37
41
40
44
49
49
52
53
56
56
58
59
58
59
58
55
54
54
53
54
52
53
52
52
50
50
50
50
49
49
50
52
51
51
50
50
50
51
51
51
51
51
53
55
54
58
57
59
61
58
58
60
62
61
61
61
62
63
63
62
64
63
60
61
60
60
60
59
59
60
61
61
59
58
57
57
56
54
53
52
52
51
51
50
49
49
47
47
46
45
43
42
40
39
35
34
35
35
34
34
34
32
34
34
36
38
40
40
42
49
56
60
63
67
68
71
75
78
83
87
90
94
92
96
96
97
99
97
99
100
99
100
100
100
100
100
100
99
99
100
99
99
99
98
98
98
99
99
99
99
99
99
97
97
97
99
98
98
99
99
98
97
98
97
96
96
97
95
95
92
92
91
89
90
88
89
89
87
87
87
86
83
82
81
79
79
78
78
79
77
77
78
78
79
79
80
81
81
80
82
80
80
80
80
78
77
76
76
73
73
73
71
70
68
67
64
61
61
58
57
57
56
54
54
52
49
47
45
43
41
39
37
33
30
25
21
17
13
11
7
3
0
0
0
0
0
0
0
0
0
0
0
0
0
0
0
0
0
0
0
0
0
0
