0
0
0
0
0
0
0
0
0
0
0
0
0
0
0
0
0
0
0
0
0
0
0
0
0
0
0
0
0
0
0
0
0
0
0
0
0
0
0
0
0
0
0
0
0
0
0
0
0
0
0
1
0
1
1
0
1
1
0
1
0
1
0
0
0
1
0
0
0
0
0
1
0
0
1
1
0
0
0
1
0
1
0
1
1
1
1
0
1
0
1
0
1
0
1
2
1
1
2
2
1
2
2
1
2
1
2
1
1
2
2
1
0
1
0
0
1
0
1
0
2
3
6
6
6
8
8
10
12
15
16
19
22
24
27
32
36
39
42
43
45
51
54
57
59
62
63
66
68
68
71
72
74
74
78
77
79
77
78
79
80
80
81
80
80
78
79
76
77
75
76
76
76
74
72
70
68
68
69
67
68
66
68
69
69
69
73
74
77
80
82
84
86
86
88
87
86
87
85
84
84
85
85
85
85
86
85
85
86
86
85
82
82
81
80
78
78
76
76
74
73
71
69
67
64
64
62
61
59
57
56
54
53
50
49
49
47
46
44
43
40
38
37
37
36
37
36
37
39
37
39
40
38
40
39
42
42
44
46
47
50
51
54
53
53
53
53
54
55
53
56
59
61
65
67
75
81
87
95
99
99
99
98
99
99
100
98
98
99
100
100
99
99
98
98
98
100
99
100
98
99
99
99
97
99
99
98
99
98
99
98
97
97
95
95
95
93
94
94
93
93
95
93
90
91
87
88
84
84
82
83
81
80
81
80
79
80
82
82
82
84
84
84
83
82
82
83
83
83
85
86
89
88
89
88
87
90
89
89
89
88
86
87
84
83
82
79
79
78
80
77
76
76
74
74
72
68
65
61
59
59
56
53
52
49
46
43
40
38
35
31
27
24
21
16
11
5
1
0
0
0
0
