0
0
0
0
0
0
0
0
0
0
0
0
0
0
0
0
0
0
0
0
0
0
0
0
0
0
1
1
0
0
0
0
0
0
0
0
0
0
0
0
0
0
0
0
1
0
0
1
1
0
0
1
0
0
0
1
0
1
0
0
1
0
0
0
0
1
0
0
0
0
0
0
0
1
1
0
1
0
0
1
1
2
2
2
3
4
5
4
6
8
10
9
10
10
11
12
13
15
15
17
18
19
20
21
22
23
24
25
26
27
27
29
28
31
30
31
30
31
31
30
31
30
30
30
31
31
32
32
34
37
37
40
40
41
43
45
48
50
49
53
57
60
64
68
70
74
76
81
86
91
95
100
100
100
100
100
100
100
99
100
99
99
99
99
99
99
100
99
99
99
100
100
99
98
99
100
100
100
100
100
99
98
99
97
97
97
97
99
99
99
97
99
99
100
100
100
100
99
99
100
100
100
100
100
99
100
99
100
98
98
99
98
98
98
99
98
100
98
97
96
96
95
93
93
93
93
93
90
88
88
87
87
86
87
84
84
83
83
83
80
80
81
81
82
83
85
85
85
85
84
85
87
89
90
92
93
95
98
99
98
99
98
99
98
99
98
98
96
96
96
97
98
98
100
99
100
98
99
99
99
99
99
98
99
98
99
99
99
98
99
99
99
99
98
100
99
99
99
100
100
99
100
99
100
99
99
99
99
99
99
100
99
100
100
100
100
100
99
99
100
97
99
98
97
96
93
93
90
89
89
89
87
88
89
88
88
87
85
83
84
83
81
81
82
83
82
82
83
83
82
79
79
77
77
75
75
74
71
71
69
67
65
63
63
62
57
55
52
52
50
46
43
43
40
39
35
34
31
29
26
23
19
15
11
7
2
0
0
0
0
0
0
0
0
0
0
0
0
0
0
0
0
