0
0
0
0
0
0
0
0
0
0
0
0
0
0
0
0
0
0
0
0
0
0
0
0
0
0
0
0
0
0
0
0
0
0
0
0
0
0
0
0
0
0
0
0
0
0
0
0
0
0
0
1
0
0
0
1
0
1
0
1
0
0
0
0
0
1
0
0
0
0
0
0
1
0
1
1
1
0
1
0
1
1
2
2
2
3
3
4
7
8
11
12
13
14
16
16
18
19
19
21
22
21
23
23
23
24
25
26
27
27
27
28
27
29
28
28
28
26
25
24
24
24
24
23
23
25
26
26
29
28
29
31
31
31
33
33
35
37
38
42
45
48
50
54
57
62
66
70
73
76
79
85
89
94
100
100
100
99
99
100
99
99
99
99
99
99
99
99
99
99
100
100
99
99
99
98
98
100
97
99
98
97
96
95
93
91
89
90
87
89
88
90
92
90
91
92
96
99
100
100
100
99
99
100
99
99
99
98
98
96
96
95
93
91
88
85
85
84
83
83
83
83
82
83
81
79
79
79
77
74
73
72
70
68
67
65
62
61
60
59
58
56
58
56
55
56
57
58
58
57
57
57
56
54
54
55
53
53
54
53
54
53
53
53
55
53
54
54
54
53
54
52
53
54
54
57
56
58
62
66
70
78
85
94
99
100
99
100
99
99
100
99
100
98
100
99
100
99
100
100
99
100
99
99
99
98
99
99
99
98
100
99
98
98
99
99
99
99
99
100
99
98
99
98
100
98
100
97
96
95
94
93
92
90
90
88
89
87
88
89
89
89
88
89
89
91
91
90
89
90
89
90
89
89
89
91
94
93
95
94
95
93
93
93
96
96
94
93
93
94
93
92
93
92
92
91
89
88
89
89
89
90
89
87
86
85
84
82
80
78
75
72
70
70
66
64
61
59
54
52
52
52
