0
0
0
0
0
0
0
0
0
0
0
0
0
0
0
0
0
0
0
0
0
0
0
0
0
0
0
0
0
0
0
0
0
0
0
0
0
0
0
0
0
0
0
0
0
0
0
0
0
0
0
0
1
0
1
0
0
0
1
1
1
1
0
1
0
1
0
0
0
1
0
0
0
0
0
0
0
0
2
1
0
0
0
1
0
0
1
0
1
0
2
3
6
8
10
13
14
16
17
19
20
21
23
24
25
27
28
28
29
29
28
30
30
32
30
31
31
32
33
32
33
31
33
33
36
36
39
40
40
41
43
44
44
47
47
51
52
54
57
62
65
70
75
79
81
86
90
96
99
100
99
100
100
100
100
100
100
100
99
100
99
99
99
99
99
99
99
98
99
99
98
97
99
99
99
100
99
100
98
98
98
97
97
97
99
99
99
98
98
99
97
99
98
99
100
100
99
100
100
99
100
100
98
100
99
100
99
100
98
98
99
98
98
97
98
98
97
97
98
98
98
98
97
97
96
96
95
96
95
93
94
94
94
94
92
93
93
92
90
92
91
91
88
88
86
87
87
86
85
87
88
88
86
87
85
85
84
82
81
81
79
78
79
78
78
77
79
79
78
77
76
74
73
74
75
77
79
82
86
87
90
92
93
95
97
99
99
100
99
100
100
99
100
100
100
100
100
100
100
99
99
100
99
99
99
99
99
99
99
99
99
99
99
100
100
98
99
100
99
99
99
100
99
99
99
99
100
99
99
99
99
99
99
99
99
100
99
99
99
100
100
100
100
99
100
100
100
98
98
99
99
99
99
99
98
99
99
99
100
99
100
99
99
99
100
99
99
99
98
99
99
99
99
99
99
98
99
96
96
94
94
93
89
88
88
87
86
86
85
84
85
83
81
80
80
79
78
76
74
74
74
74
