0
0
0
0
0
0
0
0
0
0
0
0
0
0
0
0
0
0
0
0
0
0
0
0
0
0
0
0
0
0
0
0
0
0
0
0
0
0
1
0
0
0
1
0
0
0
0
0
0
0
0
1
0
0
1
0
1
1
0
1
0
1
0
0
0
1
0
1
0
1
0
0
0
0
0
0
0
1
1
0
0
0
1
0
0
0
1
0
1
0
0
1
0
0
1
1
0
0
0
1
0
0
0
0
0
0
0
1
0
1
0
1
0
0
0
1
0
2
0
1
1
0
0
1
0
0
1
1
1
0
1
0
0
0
0
0
0
0
1
1
1
1
0
0
0
1
1
1
0
0
1
1
0
1
0
1
0
1
0
1
0
1
1
1
1
1
1
1
1
1
1
1
0
0
0
0
0
0
0
0
1
0
1
0
1
1
0
1
1
1
0
0
0
1
1
1
1
1
3
5
4
4
2
3
2
4
5
6
8
10
11
12
14
16
16
17
19
20
21
23
25
27
28
29
32
33
35
36
37
38
41
43
45
47
49
50
52
55
57
60
61
64
65
68
70
73
76
78
80
83
85
88
90
93
94
95
97
98
98
98
99
99
98
98
98
97
97
98
100
99
97
94
94
92
91
89
88
86
86
84
84
83
82
79
77
74
73
72
69
67
65
64
62
60
57
55
53
52
50
49
46
45
43
43
40
40
37
36
35
33
33
32
30
29
28
27
26
25
24
21
21
18
17
15
13
11
9
7
7
5
4
3
2
1
1
0
0
1
0
1
0
1
0
0
0
0
0
1
0
0
0
1
1
1
1
1
1
1
1
1
1
1
1
1
1
1
1
0
1
0
1
0
1
0
1
1
0
0
1
0
0
0
0
1
0
1
0
1
0
1
0
0
0
1
0
1
0
1
0
0
0
0
