0
0
0
0
0
0
0
0
0
0
0
0
0
0
0
0
0
0
0
0
0
0
0
0
0
0
0
0
0
0
0
0
0
0
0
0
0
0
0
0
0
0
0
0
0
0
0
0
0
0
1
0
1
0
1
0
0
1
0
1
0
1
0
0
0
1
0
1
0
0
0
0
0
0
0
0
0
0
0
0
0
0
0
0
1
0
0
0
0
0
0
0
0
0
1
1
0
0
0
1
0
0
0
0
0
0
0
1
0
0
0
1
0
1
0
0
0
1
0
0
0
0
0
0
0
0
1
0
0
0
0
0
1
0
1
0
1
1
1
1
1
0
0
1
0
0
0
1
0
1
1
0
0
1
0
1
0
1
0
1
0
1
1
1
1
1
1
0
0
1
1
1
1
1
0
1
1
0
1
0
0
0
1
0
1
0
1
0
1
2
3
3
4
6
7
7
9
11
12
13
13
15
14
17
18
18
20
23
24
26
28
29
32
34
35
36
38
39
40
41
43
45
46
47
49
49
51
53
55
56
57
59
60
63
64
66
67
68
68
69
69
69
68
70
72
72
75
76
77
77
75
76
73
73
73
74
75
74
73
73
73
72
72
72
71
71
70
69
68
66
62
61
60
58
57
54
51
48
47
43
43
40
38
36
35
35
32
31
30
28
28
27
25
24
22
19
16
16
13
11
7
6
2
2
0
0
0
0
1
1
1
0
0
1
0
0
0
0
1
0
0
0
0
0
1
0
0
0
0
1
1
1
0
0
1
1
0
0
1
1
0
1
0
1
0
0
0
1
0
0
0
0
1
1
0
1
0
0
0
0
0
0
1
0
0
0
0
0
1
0
0
0
0
0
0
1
0
0
0
0
0
1
0
0
1
0
0
0
0
0
0
0
0
0
0
0
0
0
0
0
0
0
