0
0
0
0
0
0
0
0
0
0
0
0
0
0
0
0
0
0
0
0
0
0
0
0
0
0
0
0
0
0
0
0
0
0
0
0
0
0
0
0
0
0
0
0
0
0
0
0
0
0
0
1
0
0
1
0
1
1
0
1
0
0
0
0
0
0
1
0
0
0
1
0
1
0
0
0
0
0
1
0
0
0
1
0
0
0
1
0
1
0
0
0
0
1
0
0
0
0
0
0
0
1
1
1
0
0
0
0
0
0
0
1
1
0
1
0
1
0
1
0
1
0
1
0
0
0
0
0
1
0
1
0
0
0
1
0
1
1
1
1
0
0
0
1
0
0
1
1
0
1
0
1
0
1
0
0
0
1
0
0
0
1
0
0
0
1
1
0
0
0
1
1
0
1
1
0
1
0
1
0
1
0
1
0
1
2
3
1
1
1
0
1
1
2
2
3
3
5
5
6
7
9
11
12
14
16
17
20
22
24
26
27
28
30
31
32
33
35
35
36
36
38
40
42
44
46
48
49
51
53
55
56
57
60
61
63
64
65
67
68
70
72
73
75
77
79
81
81
83
85
87
89
89
92
92
92
93
92
93
94
95
96
97
96
98
97
98
97
98
97
96
95
94
93
92
91
90
89
89
88
87
86
86
84
84
83
82
81
80
79
77
77
76
77
77
76
73
72
69
69
67
67
67
69
68
67
66
65
64
61
60
56
53
50
49
47
46
45
43
42
42
39
39
35
32
26
24
18
16
12
10
8
7
5
3
1
0
0
1
0
0
1
0
1
0
1
0
1
0
1
0
0
0
0
1
1
1
0
1
1
1
0
0
0
1
0
1
0
1
0
1
0
0
0
1
1
0
0
0
0
1
0
0
1
0
0
1
1
0
1
0
0
0
0
0
0
0
0
0
1
1
1
