0
0
0
0
0
0
0
0
0
0
0
0
0
0
0
0
0
0
0
0
0
0
0
0
0
0
0
0
0
0
0
0
1
0
0
0
1
0
0
0
0
0
0
0
0
0
0
0
0
0
0
1
0
1
0
0
0
0
0
0
0
0
0
1
0
0
0
0
1
0
0
0
0
0
0
0
0
0
0
0
0
0
1
0
0
0
1
0
0
0
0
0
1
1
1
1
0
0
1
0
0
0
0
0
0
1
0
0
0
0
0
1
0
1
0
0
0
1
0
0
0
0
0
0
1
0
1
0
0
0
1
0
0
0
1
0
1
1
0
1
0
1
0
1
1
1
0
0
1
1
1
1
0
0
0
1
0
1
0
1
0
1
1
1
1
1
1
0
1
0
1
1
0
1
1
1
1
0
0
0
0
0
1
0
1
1
0
0
0
0
1
1
1
0
1
1
1
1
1
4
3
3
1
1
1
3
2
5
7
10
11
13
14
15
15
15
16
17
19
20
22
22
24
26
28
29
30
31
33
34
36
37
39
42
44
46
47
49
50
51
53
56
58
61
63
64
67
69
71
74
76
79
81
84
85
88
90
92
94
96
98
99
100
99
100
99
99
99
100
99
100
99
100
99
99
99
99
98
98
96
96
95
94
94
94
93
91
90
89
89
87
86
86
87
85
85
83
84
82
84
85
88
86
87
86
86
85
84
83
83
81
79
78
76
75
72
71
68
68
65
65
61
62
58
59
56
53
50
48
46
44
41
40
36
32
29
26
23
21
18
16
12
10
9
7
6
4
2
0
1
0
1
1
1
0
0
1
0
0
0
1
0
1
0
0
0
1
0
1
0
0
0
0
0
1
1
1
1
1
1
0
1
1
1
0
1
0
0
1
1
0
1
0
0
0
0
0
0
0
1
1
1
