0
0
0
0
0
0
0
0
0
0
0
0
0
0
0
0
0
0
0
0
0
0
0
0
0
0
0
0
1
0
0
0
0
0
0
0
0
0
0
0
0
0
0
0
0
1
1
0
0
1
1
0
1
0
0
1
0
0
0
1
0
0
0
0
1
0
1
0
0
1
0
0
0
0
0
0
1
0
0
0
1
0
1
0
1
0
1
0
1
0
0
1
0
0
1
0
0
0
0
1
0
1
0
0
0
0
0
0
0
0
0
1
0
1
0
0
1
0
1
0
0
0
1
0
0
0
0
0
0
0
0
0
1
0
1
0
1
0
0
0
0
0
0
1
0
1
0
0
0
0
1
0
0
1
0
1
0
0
0
1
0
1
1
1
0
0
1
0
1
0
1
0
0
1
0
0
1
0
1
0
1
0
0
0
0
1
1
1
1
1
0
0
0
0
1
0
1
1
0
1
2
3
0
1
0
1
2
5
5
6
8
9
11
13
13
14
15
16
17
17
18
20
21
22
23
24
25
26
28
29
31
31
32
33
34
36
37
39
40
42
44
46
48
51
53
56
59
61
63
66
67
69
71
73
75
78
81
81
82
83
83
83
82
81
81
81
81
82
83
82
82
81
82
80
80
78
76
73
73
70
69
68
68
67
66
65
64
64
62
61
60
59
59
56
56
54
51
50
47
45
42
41
38
36
34
32
30
29
26
24
21
20
19
18
16
15
13
12
11
8
8
4
3
0
1
0
1
0
0
0
0
1
1
1
1
0
0
1
0
1
1
1
0
1
0
1
0
1
0
1
0
1
1
1
1
0
1
0
1
0
1
1
0
0
0
0
1
0
0
0
1
0
1
0
0
0
0
0
0
1
0
0
1
1
0
0
0
0
0
0
0
0
0
0
0
0
0
0
0
0
0
0
