0
0
0
0
0
0
0
0
0
0
0
0
0
0
0
0
0
0
0
0
0
0
0
0
0
0
0
0
0
0
0
0
0
0
0
0
0
0
0
0
0
0
0
0
0
0
0
0
0
0
0
1
0
0
0
0
0
1
0
1
0
1
0
1
0
0
1
1
0
1
0
0
0
0
0
0
0
0
1
0
0
0
0
0
1
0
1
0
0
0
1
0
1
0
1
0
1
0
0
0
0
1
0
0
0
1
0
0
0
1
0
1
0
1
0
0
1
0
1
1
1
0
1
1
0
0
1
0
1
0
0
0
1
0
0
0
1
0
0
0
0
0
0
1
1
0
1
1
0
1
0
1
0
1
0
1
0
0
0
0
0
1
0
1
1
1
1
0
1
1
0
1
1
1
1
1
1
0
1
0
1
0
1
0
2
1
1
1
1
3
1
1
1
3
3
3
4
6
6
8
9
11
12
14
15
17
18
20
22
23
24
25
27
30
32
34
37
38
40
42
44
45
47
48
51
52
54
55
57
58
60
61
63
65
66
68
70
70
72
73
75
76
76
78
79
82
83
84
84
86
88
90
90
91
90
92
92
92
92
92
91
92
93
93
93
91
90
88
87
85
86
83
83
80
79
76
73
70
69
66
64
62
61
59
59
56
55
55
53
53
52
51
50
50
48
47
45
42
39
38
35
34
32
32
31
29
27
25
21
19
16
15
13
12
11
10
9
8
7
2
0
0
1
0
1
0
1
0
1
0
1
1
2
0
0
1
0
0
0
1
1
1
0
1
0
1
0
0
0
0
0
1
1
0
1
1
0
0
1
1
0
0
0
0
1
0
0
0
1
0
0
0
0
0
0
0
1
0
0
0
0
0
0
0
0
0
0
1
0
1
0
1
0
1
0
0
0
0
0
0
0
0
