0
0
0
0
0
0
0
0
0
0
0
0
0
0
0
0
0
0
0
0
0
0
0
0
0
0
0
0
0
0
0
0
0
0
0
0
0
0
0
0
0
0
0
0
0
0
0
0
0
1
1
0
1
0
0
1
0
1
0
1
0
0
0
0
0
0
1
0
0
1
0
0
0
0
0
0
1
0
0
0
0
0
1
0
1
0
0
0
1
0
0
0
1
1
0
0
0
0
0
1
0
0
0
1
0
0
0
0
0
1
0
1
0
1
0
1
0
0
0
0
1
0
1
0
1
0
0
0
1
0
0
0
1
0
0
0
1
1
1
1
1
1
0
1
0
1
0
0
1
1
0
0
0
0
0
0
0
1
0
1
0
1
1
1
0
0
1
0
1
0
1
0
1
1
0
1
1
0
1
0
1
0
0
0
1
1
1
1
0
1
1
1
0
1
0
0
1
1
1
1
2
5
3
3
1
2
3
4
5
6
8
9
10
12
12
13
14
14
15
15
16
17
18
20
22
22
25
26
28
30
31
32
34
36
37
40
42
44
45
46
48
50
52
55
57
60
63
65
66
69
71
74
76
79
81
84
85
87
89
92
93
94
97
97
99
99
100
99
100
99
99
99
100
99
99
98
99
98
99
98
98
97
97
96
95
94
93
93
92
91
90
90
90
90
90
89
87
86
84
84
84
86
87
88
87
86
86
85
83
82
82
81
79
78
77
77
75
73
73
70
69
67
67
65
64
62
62
58
57
53
51
48
46
41
38
37
34
31
28
24
21
19
16
15
11
11
8
8
6
5
2
1
1
1
0
1
0
0
0
0
0
1
0
0
0
0
1
0
1
0
0
0
1
0
1
1
0
1
0
1
0
1
1
1
1
1
0
0
0
1
0
1
0
1
0
0
0
1
0
1
1
1
