0
0
0
0
0
0
0
0
0
0
0
0
0
0
0
0
0
0
0
0
0
0
0
0
0
0
0
0
0
0
0
0
0
0
0
0
0
0
1
0
0
0
0
0
0
0
0
0
0
0
0
1
0
0
0
0
0
1
0
0
0
0
0
1
0
0
0
0
0
0
0
0
1
0
0
0
0
1
0
1
0
0
0
0
0
0
1
0
1
0
0
0
0
0
2
0
0
0
0
1
0
1
0
0
0
1
0
1
0
1
0
0
0
0
1
0
1
1
0
1
1
0
0
0
1
0
1
0
0
0
1
0
1
0
0
0
0
1
1
1
0
1
0
0
1
0
1
0
1
1
0
1
0
1
0
1
0
0
0
1
0
1
0
0
1
1
0
1
1
0
1
1
1
1
1
1
1
0
0
0
0
0
0
1
1
1
1
1
1
2
2
1
2
4
4
6
7
8
9
12
13
15
15
16
17
19
20
22
22
24
26
27
29
32
34
36
37
38
41
42
45
46
48
49
51
53
54
55
56
58
60
61
63
65
67
70
71
73
75
78
79
80
81
84
83
85
87
88
89
92
94
96
97
97
98
98
98
97
98
98
98
98
98
97
97
96
95
94
92
90
92
89
87
84
83
80
79
76
74
71
70
68
67
66
65
64
63
61
60
60
58
56
54
52
50
47
44
44
42
41
38
37
33
31
27
25
22
20
18
15
14
13
11
10
10
8
8
7
6
3
3
0
1
0
0
0
1
0
0
1
1
1
2
1
0
1
1
1
1
1
0
1
0
1
0
1
0
0
0
1
0
1
0
0
1
0
0
1
1
0
1
0
1
0
1
0
1
0
0
0
0
0
0
0
0
1
0
0
1
0
0
0
1
1
0
1
0
0
0
0
0
0
0
0
0
0
0
0
0
0
0
0
