0
0
0
0
0
0
0
0
0
0
0
0
0
0
0
0
0
0
0
0
0
0
0
0
0
0
0
0
0
0
0
0
0
0
0
0
0
0
0
0
0
0
0
0
0
0
0
0
0
0
0
1
0
0
0
0
0
1
0
0
0
0
0
0
0
0
0
0
0
0
0
0
0
0
0
0
0
0
1
1
0
0
0
0
1
0
0
0
0
0
1
1
1
0
0
0
0
0
0
0
0
1
0
0
0
0
0
1
0
0
0
0
0
0
1
1
1
0
0
0
0
1
0
1
1
0
1
0
1
0
0
0
1
0
1
0
0
1
1
1
1
1
0
0
1
1
0
1
0
1
0
1
0
1
0
0
0
1
0
1
0
0
0
0
1
0
1
1
1
1
1
1
1
1
1
1
0
0
0
0
0
0
1
1
1
1
1
0
1
0
0
2
2
4
5
6
8
9
10
12
13
15
16
18
19
21
22
24
25
27
30
31
33
36
37
39
42
44
46
46
49
50
52
53
56
57
59
61
62
63
65
66
68
70
71
74
75
77
78
80
80
82
84
86
86
87
90
91
92
94
96
97
99
99
99
98
99
99
98
99
99
99
99
98
100
99
100
99
99
98
98
97
96
94
95
93
93
92
92
91
91
90
89
87
87
86
85
85
84
84
83
83
82
82
82
82
80
81
80
81
79
80
77
76
74
74
72
72
74
74
73
71
67
64
61
58
55
53
49
46
45
43
42
37
34
30
29
25
24
23
22
21
21
17
15
14
12
9
8
7
5
4
1
0
0
0
0
1
0
1
0
1
1
0
1
0
1
0
0
0
1
0
1
0
0
0
1
0
1
0
1
0
1
0
1
0
1
0
0
1
1
0
0
0
0
0
0
1
0
0
0
0
0
0
0
1
0
1
0
1
1
1
