0
0
0
0
0
0
0
0
0
0
0
0
0
0
0
0
0
0
0
0
0
0
0
0
0
0
0
0
0
0
0
0
0
0
0
0
0
0
0
0
0
0
0
0
0
0
0
0
0
0
0
1
0
0
0
0
0
1
0
0
0
1
0
0
0
0
0
1
0
0
0
0
0
0
1
1
1
0
1
0
0
0
1
0
0
0
0
0
1
0
0
1
0
1
1
0
1
0
0
0
0
0
0
1
0
1
0
1
0
0
0
0
0
0
0
1
1
0
1
1
1
0
0
0
1
0
1
1
1
0
1
0
0
0
1
0
1
1
1
0
1
1
0
0
0
1
0
1
1
0
0
1
0
1
0
0
0
1
0
1
0
0
0
0
1
0
1
1
1
0
1
1
0
0
1
1
1
0
1
0
1
0
1
0
1
0
1
0
0
1
1
1
0
1
1
1
1
0
1
0
1
2
1
1
0
0
0
0
1
3
6
7
9
10
10
10
11
12
13
14
14
15
16
17
19
20
22
22
24
25
27
28
30
31
33
34
34
35
35
35
36
39
40
42
44
47
50
52
53
56
57
60
61
63
64
67
69
70
73
75
76
77
79
79
79
78
80
80
82
83
84
86
86
85
84
83
83
82
82
81
80
79
78
77
75
74
73
72
72
73
73
73
71
71
71
70
69
67
69
71
70
70
69
69
67
65
63
62
61
60
58
56
55
53
52
50
47
45
45
42
42
39
37
34
32
29
27
24
22
20
19
16
15
12
9
5
2
0
0
0
1
1
0
1
0
1
0
0
0
1
0
0
1
0
1
0
1
0
0
1
1
0
1
0
0
1
1
0
1
0
1
0
1
0
1
1
1
0
0
0
0
0
0
0
0
1
1
0
1
1
0
1
0
1
0
0
0
0
0
0
0
0
