0
0
0
0
0
0
0
0
0
0
0
0
0
0
0
0
0
0
0
0
0
0
0
0
0
0
0
0
0
0
0
0
0
0
0
0
0
0
0
0
0
0
0
0
0
0
0
0
0
0
0
1
0
0
0
0
0
1
0
0
0
0
0
1
0
1
0
0
0
0
0
0
0
0
0
1
0
0
0
0
1
0
1
0
1
0
1
0
0
0
0
0
1
0
1
0
0
0
1
0
0
0
0
0
0
1
0
0
0
0
0
0
1
1
0
0
0
1
0
0
0
0
1
1
1
0
1
0
1
0
1
0
1
0
1
0
1
1
1
1
0
0
1
0
0
0
1
1
1
1
1
0
0
1
0
1
0
1
0
0
0
0
1
1
1
0
0
0
1
0
0
0
1
0
1
0
1
0
1
0
1
0
0
0
2
3
2
1
1
1
1
0
0
1
2
2
3
5
4
6
7
9
11
14
15
17
18
21
22
24
25
27
28
31
32
32
35
37
39
40
43
44
45
47
50
51
53
54
56
57
59
60
62
63
64
66
68
71
72
74
75
76
78
80
81
83
86
87
89
91
92
95
95
97
97
98
99
99
98
98
97
98
97
97
96
94
93
92
92
92
90
88
86
83
82
79
77
74
72
69
69
68
66
66
65
63
62
61
59
58
58
57
55
54
51
50
47
45
44
43
42
42
39
39
36
34
31
30
25
24
21
19
18
17
16
14
13
10
7
3
1
0
1
0
1
0
1
0
1
1
1
0
2
1
1
1
1
1
0
1
1
1
0
0
0
0
0
1
0
1
0
0
1
1
0
1
1
1
0
0
1
0
0
0
0
0
0
0
0
0
0
0
0
0
0
0
1
0
0
0
0
0
0
1
0
0
1
1
0
1
0
0
0
0
0
0
0
0
0
0
0
0
