0
0
0
0
0
0
0
0
0
0
0
0
0
0
0
0
0
0
0
0
0
0
0
0
0
0
0
0
0
0
0
0
0
0
0
0
0
0
0
0
0
0
0
0
0
0
0
0
0
0
0
1
0
0
1
0
1
0
0
1
0
1
0
0
0
0
1
0
1
0
0
0
0
0
0
0
0
0
1
0
0
0
1
0
1
0
0
0
0
0
0
0
0
0
1
0
0
1
0
1
0
1
0
0
0
0
0
0
0
0
0
0
1
1
0
1
1
0
0
0
0
0
1
1
0
0
1
0
1
0
1
0
1
0
0
0
1
1
1
0
0
0
0
0
0
1
0
0
1
1
0
1
0
1
0
1
0
1
0
1
0
1
1
1
1
1
1
1
1
1
1
0
1
0
1
1
2
1
1
0
1
0
1
1
1
3
5
6
9
7
9
11
12
14
16
18
19
21
23
26
26
28
29
31
31
32
34
36
36
36
38
39
41
43
44
45
47
48
50
52
53
54
56
57
59
58
61
62
64
64
66
67
69
70
71
71
72
73
73
75
75
76
77
77
78
79
79
78
74
75
73
74
74
72
71
71
69
69
70
70
72
71
70
68
66
65
65
63
62
60
58
57
55
52
52
51
49
48
47
46
45
42
41
39
37
35
32
30
29
29
27
26
26
28
27
26
23
22
18
18
15
16
13
13
11
10
9
9
7
7
4
2
1
1
1
0
0
0
1
0
0
0
1
0
1
0
0
0
0
0
0
1
1
1
0
1
1
1
1
1
0
1
0
1
0
0
0
1
0
0
0
1
1
1
1
0
1
1
1
1
0
1
1
1
1
0
1
0
0
0
1
0
0
0
1
1
1
0
1
0
0
1
0
0
0
1
1
1
0
1
0
0
0
0
0
0
0
0
0
1
1
1
