0
0
0
0
0
0
0
0
0
0
0
0
0
0
0
0
0
0
0
0
0
0
0
0
0
0
0
0
1
0
0
0
1
0
0
0
0
0
0
0
0
0
0
0
0
0
0
0
0
0
0
0
1
1
0
0
1
0
0
0
0
1
0
0
0
0
0
0
0
1
0
0
0
0
0
0
0
0
1
0
0
0
1
0
1
0
0
0
0
0
1
1
1
0
2
1
0
0
0
1
0
0
0
1
0
1
0
0
0
0
0
0
0
1
0
0
0
0
0
0
1
1
1
0
1
0
1
0
1
0
1
0
0
0
1
0
1
0
1
1
0
1
0
1
0
1
1
0
1
0
1
0
0
0
0
1
0
0
0
1
0
1
1
1
1
1
1
1
1
0
1
1
1
1
1
1
1
0
1
0
1
0
1
0
1
1
1
0
1
1
1
3
3
4
4
5
5
4
4
6
7
9
9
11
12
12
13
15
17
20
22
23
25
26
28
29
31
33
35
37
39
40
43
44
45
46
48
49
51
52
54
55
57
58
59
61
62
63
65
67
68
67
68
70
71
73
75
76
78
81
81
82
83
85
85
86
86
86
84
85
85
84
84
83
82
81
79
77
78
77
77
74
74
70
68
65
64
60
59
56
54
51
49
47
45
43
41
39
37
35
32
29
27
25
24
20
17
17
14
11
9
8
6
7
7
7
7
6
3
3
1
1
1
1
0
0
0
0
1
0
1
0
1
0
0
0
0
0
1
1
1
0
2
1
0
0
1
1
1
1
1
1
0
0
0
0
0
1
0
1
0
0
0
1
1
2
1
1
1
1
1
1
1
1
1
1
1
0
0
0
1
0
1
0
0
0
0
1
1
1
0
1
0
1
0
1
0
1
0
1
0
0
0
1
0
0
0
1
0
1
1
1
