0
0
0
0
0
0
0
0
0
0
0
0
0
0
0
0
0
0
0
0
0
0
0
0
0
0
0
0
0
0
0
0
0
0
0
0
0
0
0
0
0
0
0
0
0
0
0
0
0
0
0
0
1
1
0
1
0
0
0
1
0
1
0
0
0
0
0
0
0
0
0
0
0
0
0
0
0
0
0
0
0
0
0
0
0
0
0
0
0
0
1
1
0
0
1
1
1
1
0
0
0
0
0
1
0
1
0
0
0
0
0
0
0
0
1
0
1
0
1
0
1
1
1
0
1
1
0
0
1
0
0
0
1
0
0
0
0
1
1
0
1
0
1
1
0
0
1
1
1
0
1
1
0
1
0
1
0
1
0
1
0
0
1
1
1
1
1
1
1
1
2
2
5
5
4
3
3
4
5
7
9
11
14
15
17
19
21
22
23
24
25
26
26
28
29
30
30
30
31
34
35
38
39
41
43
45
47
49
51
53
55
55
56
59
60
60
61
61
61
61
61
61
63
63
64
65
66
67
68
69
69
68
69
69
70
70
70
71
70
69
68
68
68
66
66
66
66
66
64
62
58
59
59
59
57
58
57
57
56
56
55
55
54
52
52
51
48
44
41
38
36
35
34
32
31
26
24
21
18
15
15
11
8
6
4
3
3
1
1
1
0
1
0
1
0
0
0
1
0
1
0
1
0
0
1
0
0
0
0
0
1
0
0
0
1
1
0
0
1
0
1
0
1
0
1
0
0
0
0
1
1
0
1
1
0
1
1
0
1
1
1
1
0
0
0
1
0
1
0
1
0
1
1
1
0
0
0
1
1
0
1
0
0
0
1
0
0
0
0
0
0
0
1
0
1
1
0
0
0
0
0
0
0
0
0
0
0
0
0
0
0
0
0
0
0
0
0
0
0
0
0
0
