0
0
0
0
0
0
0
0
0
0
0
0
0
0
0
0
0
0
0
0
0
0
0
0
0
0
0
0
0
0
0
0
0
0
0
0
0
0
0
0
0
0
0
0
0
0
0
0
0
0
0
1
0
0
1
0
1
1
0
1
0
0
0
0
0
0
1
0
0
1
0
0
0
0
0
0
0
0
1
1
1
0
0
0
1
0
1
0
1
0
1
0
0
0
1
0
0
1
0
0
1
1
0
1
0
1
0
1
0
0
0
0
0
0
0
1
1
1
1
0
0
0
0
1
0
1
0
0
1
0
0
0
1
0
0
0
1
1
1
1
1
0
1
1
0
0
0
1
0
1
0
0
0
0
0
0
0
1
0
1
0
1
1
0
0
1
1
0
0
0
1
1
1
1
1
0
1
0
1
0
1
0
0
0
1
1
1
0
1
1
0
1
0
0
1
1
0
1
0
2
3
3
1
1
0
0
1
3
5
7
9
10
12
14
14
14
16
16
16
17
18
20
20
22
25
25
28
29
31
32
33
33
35
36
38
40
41
43
44
46
47
49
51
54
56
59
62
64
66
69
71
74
76
79
81
84
87
89
91
92
95
95
98
99
99
99
100
99
100
99
100
99
100
99
100
98
99
99
99
98
97
96
96
95
94
94
93
93
92
92
91
91
90
89
90
88
88
88
87
88
86
87
86
88
90
90
89
88
88
87
85
83
80
78
76
74
74
72
71
68
67
64
65
62
62
58
57
55
53
51
49
46
46
41
39
34
31
29
26
22
18
16
13
11
8
9
7
7
5
5
4
3
0
0
1
1
1
0
1
0
0
0
0
0
0
1
1
0
0
0
0
0
1
0
0
1
0
1
1
1
1
1
0
1
0
1
0
1
1
0
0
1
0
1
0
1
0
0
0
1
1
1
