0
0
0
0
0
0
0
0
0
0
0
0
0
0
0
0
0
0
0
0
0
0
0
0
0
0
0
0
0
0
0
0
0
0
0
0
0
0
0
0
0
0
0
0
0
0
0
0
0
0
0
1
0
0
0
0
1
0
0
0
0
0
0
0
1
1
0
1
0
0
0
0
0
0
0
0
1
1
1
0
0
0
0
0
0
0
1
0
0
0
1
0
0
0
0
0
0
0
0
1
0
1
0
1
0
0
0
0
0
1
0
1
0
0
0
0
0
2
1
1
1
1
0
0
1
1
1
0
1
0
1
0
1
0
0
0
1
1
1
1
1
1
0
0
0
1
0
0
1
1
0
0
0
1
0
1
0
1
0
1
0
0
1
1
1
1
1
0
1
1
1
0
1
1
1
0
1
0
1
0
2
1
2
1
0
0
1
1
2
1
3
4
5
8
8
8
8
10
10
13
14
15
16
18
19
22
24
26
28
29
31
33
35
38
39
41
41
42
44
45
46
47
49
51
53
54
56
57
59
60
61
62
64
66
68
69
71
73
73
75
75
76
76
78
79
80
82
83
85
86
87
87
87
89
88
88
88
88
88
88
88
87
87
87
87
87
86
85
84
84
82
83
85
81
78
75
73
70
69
65
65
62
60
59
58
57
56
54
53
51
50
49
47
46
45
44
42
40
37
36
34
33
29
27
24
23
22
20
18
16
13
10
9
7
4
3
1
0
0
0
0
0
0
0
1
0
1
0
1
1
1
1
1
1
0
1
0
1
1
1
1
1
0
1
0
1
0
1
0
1
0
1
1
1
0
1
1
0
0
0
0
0
1
1
1
0
0
0
0
0
0
0
0
0
0
1
0
1
1
0
0
0
0
1
1
0
1
1
0
0
0
0
0
0
0
0
0
0
0
0
0
0
