0
0
0
0
0
0
0
0
0
0
0
0
0
0
0
0
0
0
0
0
0
0
0
0
0
0
1
0
0
0
0
0
0
0
0
0
0
0
0
0
0
0
0
0
0
0
0
0
0
0
0
0
0
0
1
0
0
1
0
0
0
0
0
0
0
0
0
0
0
0
0
0
0
0
0
0
0
0
0
0
1
0
1
0
1
0
1
0
0
0
0
1
0
1
0
1
0
0
0
0
0
0
1
0
0
1
0
0
0
1
0
1
0
1
0
0
0
0
1
0
0
1
1
0
0
1
0
0
0
0
1
0
1
0
1
0
1
1
1
1
0
1
0
1
1
1
0
1
1
1
0
1
0
1
0
0
0
0
0
0
0
0
1
1
1
0
1
0
1
1
1
1
1
1
1
0
1
0
1
0
1
0
1
0
1
1
1
2
0
1
0
0
1
0
1
2
1
2
2
3
4
5
6
8
9
10
11
13
15
17
16
17
17
20
21
22
24
25
26
26
27
28
30
32
33
34
36
36
38
39
41
42
45
47
48
49
50
52
53
54
55
57
58
61
63
66
68
70
70
72
74
75
75
75
76
75
75
74
74
75
73
71
71
68
67
67
68
68
68
67
65
64
64
60
58
54
53
50
49
46
45
44
44
41
41
40
39
38
37
37
36
35
33
30
28
26
23
23
20
20
16
15
12
10
8
6
3
2
0
1
0
0
1
1
1
1
0
0
1
0
1
0
1
0
0
0
0
0
1
1
1
1
1
1
0
1
1
0
1
1
1
1
0
1
0
1
0
1
0
1
0
1
1
0
1
2
1
0
1
0
0
0
1
0
0
1
0
0
0
0
0
0
1
0
1
1
1
0
1
0
0
1
1
0
0
0
0
0
0
0
0
0
0
0
0
0
0
0
0
0
0
0
