0
0
0
0
0
0
0
0
0
0
0
0
0
0
0
0
0
0
0
0
0
0
0
0
0
0
0
0
0
0
0
0
0
0
0
0
0
0
0
0
0
0
0
0
0
0
0
0
0
0
0
0
1
1
0
1
0
0
0
1
0
1
0
0
0
0
0
0
0
0
0
0
0
0
1
0
0
0
0
0
0
0
1
0
0
0
1
0
0
0
0
0
1
1
0
0
0
0
0
1
0
1
0
0
0
0
0
1
0
0
0
1
0
0
0
0
1
1
1
0
0
0
1
0
1
1
0
0
1
0
1
0
1
0
1
0
1
1
1
0
1
1
0
0
1
1
1
1
1
1
0
1
0
1
0
1
0
1
0
1
0
1
1
1
1
1
1
0
1
1
1
0
1
0
1
1
1
0
1
0
1
0
1
1
3
4
5
6
7
9
9
11
12
13
13
15
17
18
18
18
19
21
22
24
24
26
27
29
30
31
32
34
36
37
36
37
39
40
42
44
45
45
46
47
47
48
49
50
51
52
52
51
50
48
46
45
45
44
42
41
39
40
37
34
31
27
27
26
26
24
24
23
22
22
21
21
21
21
20
19
18
18
16
16
18
18
15
11
8
6
3
0
1
0
1
0
1
0
0
0
1
1
1
1
1
1
1
1
0
0
1
1
0
0
1
0
0
0
0
0
0
1
0
0
1
1
1
1
1
0
1
0
1
0
1
0
1
0
1
0
1
0
1
0
1
0
1
0
1
1
1
1
2
1
0
1
0
1
0
1
1
1
0
1
0
1
0
0
0
0
0
0
0
1
0
0
0
0
0
0
0
1
1
1
1
0
1
0
1
0
0
0
0
0
0
0
0
0
0
0
0
0
0
0
0
0
0
0
0
0
0
0
0
0
0
0
0
0
0
0
0
0
