0
0
0
0
0
0
0
0
0
0
0
0
0
0
0
0
0
0
0
0
0
0
0
0
0
0
0
0
0
0
0
0
1
0
0
0
0
0
0
0
0
0
0
0
1
0
0
1
0
0
1
0
0
0
0
1
0
1
0
0
0
0
0
0
0
1
0
0
0
0
0
0
0
0
1
0
0
0
0
0
1
0
0
0
0
0
1
0
0
0
0
0
1
1
1
1
0
1
0
1
0
1
0
1
0
0
0
1
0
0
0
0
0
1
1
1
0
0
0
0
1
1
0
0
1
0
0
0
1
0
0
0
0
0
1
0
1
1
1
1
1
1
0
1
1
1
1
1
1
0
1
1
0
0
0
1
0
1
0
0
0
0
1
0
1
1
1
1
0
1
1
1
1
1
1
0
1
0
1
0
0
0
0
0
1
1
1
1
0
1
1
1
0
1
1
0
0
1
2
3
2
0
0
1
1
3
4
6
6
7
9
9
10
12
11
12
12
12
13
14
15
16
18
20
21
22
24
25
26
27
28
29
31
33
34
35
37
38
39
42
44
47
49
52
53
56
59
61
63
66
68
70
72
74
74
76
78
79
78
78
77
77
77
77
80
81
80
79
79
79
78
77
77
76
75
73
73
70
70
67
67
64
63
62
62
59
57
55
53
52
49
47
47
44
43
39
36
35
32
30
25
24
20
19
18
18
17
16
15
15
14
14
13
12
9
7
3
0
1
0
1
0
1
0
1
0
0
0
1
1
1
1
2
1
1
0
0
1
0
1
0
1
0
1
0
1
0
1
0
1
0
1
1
1
1
2
1
1
1
1
1
1
1
1
1
1
1
0
1
0
1
0
1
0
1
1
0
0
1
0
0
0
1
1
0
0
0
1
0
0
0
1
0
0
0
0
0
0
0
1
1
1
