0
0
0
0
0
0
0
0
0
0
0
0
0
0
0
0
0
0
0
0
0
0
0
0
0
0
0
0
0
0
0
0
0
0
0
0
0
0
1
0
0
0
0
0
0
0
0
0
0
0
0
1
0
0
1
0
0
1
0
1
0
0
0
0
0
0
0
0
0
0
0
0
1
0
0
0
1
0
0
0
0
0
0
0
0
0
0
0
0
0
0
0
1
0
2
0
0
1
0
0
0
1
0
0
0
0
0
1
0
1
0
1
0
0
0
0
1
0
0
0
0
0
1
0
1
0
1
1
1
0
1
0
1
0
0
0
0
1
0
0
1
1
0
1
0
1
1
1
0
0
0
0
0
0
0
0
0
1
0
1
0
1
0
1
1
1
0
0
1
1
1
0
1
1
1
1
1
0
1
0
1
0
3
3
4
5
5
7
9
10
10
13
14
17
19
20
21
22
22
25
27
30
30
31
31
32
33
36
38
39
41
42
43
45
46
47
48
48
49
49
51
51
52
54
54
55
57
57
58
59
59
58
58
59
58
58
58
58
56
55
54
52
53
53
52
49
47
46
44
43
43
43
41
39
39
39
37
36
36
36
35
34
33
29
28
26
23
20
17
15
11
6
5
1
1
0
0
0
1
0
1
0
1
0
1
0
0
1
1
0
1
1
0
1
0
0
0
0
0
1
0
0
0
0
1
1
0
1
1
1
1
0
1
0
1
0
1
1
1
0
1
0
1
0
1
0
1
0
1
1
1
1
2
1
0
1
0
1
0
0
0
0
0
0
0
1
0
0
0
0
0
0
0
1
1
1
1
0
1
0
0
0
0
0
0
0
1
0
0
0
1
0
0
0
1
0
1
1
2
0
0
0
0
0
0
0
0
0
0
0
0
0
0
0
0
0
0
0
0
0
0
0
