0
0
0
0
0
0
0
0
0
0
0
0
0
0
0
0
0
0
0
0
0
0
0
0
0
0
0
0
0
0
0
0
0
0
0
0
0
0
0
0
0
0
0
0
0
0
0
0
0
0
0
0
0
0
0
1
1
0
0
0
0
0
0
0
0
0
0
0
1
0
1
0
0
0
0
0
1
0
0
0
0
0
0
0
0
0
1
0
0
0
0
0
0
0
0
0
0
0
1
0
0
0
1
0
0
1
0
1
0
1
0
0
0
1
1
1
1
0
0
0
0
0
0
0
0
1
0
0
1
0
0
0
1
0
1
0
1
1
1
1
1
1
0
0
0
1
0
0
0
0
0
0
0
0
0
1
0
0
0
1
0
1
1
1
1
0
1
1
1
1
1
1
1
1
1
0
1
0
1
0
0
0
1
0
1
1
0
1
0
1
1
1
1
1
1
1
1
1
0
0
1
3
1
1
0
1
2
4
6
7
9
10
11
12
12
13
14
15
17
19
19
20
22
24
25
27
27
28
29
29
30
31
31
33
34
36
37
38
38
41
43
45
46
47
49
51
53
54
55
58
60
63
65
68
70
72
73
74
75
77
77
76
76
76
76
75
75
77
78
77
77
74
75
71
70
67
67
64
63
60
59
59
58
58
57
56
55
55
53
52
52
51
51
49
47
46
43
41
38
37
34
33
30
29
24
23
20
18
15
14
13
12
10
9
9
9
7
7
7
4
3
1
1
0
1
0
1
0
1
0
1
1
2
1
1
1
1
1
0
1
0
1
0
1
0
1
0
1
0
0
1
1
1
1
0
1
1
0
0
1
1
0
0
0
0
0
0
0
1
0
0
0
0
0
0
0
0
1
0
0
0
0
0
0
0
0
0
0
0
0
0
0
0
0
0
0
0
0
0
0
0
0
