0
0
0
0
0
0
0
0
0
0
0
0
0
0
0
0
0
0
0
0
0
0
0
0
0
0
0
0
0
0
0
0
0
0
0
0
0
0
0
0
0
0
0
0
0
0
0
0
0
0
0
1
0
0
0
0
1
1
0
1
0
1
0
1
0
1
0
0
0
0
0
0
0
0
0
0
0
0
0
0
0
0
0
0
1
0
0
0
0
0
0
0
1
0
1
1
1
0
0
0
0
0
1
1
0
1
0
0
0
0
0
1
0
1
0
0
0
1
0
0
0
0
1
0
0
0
1
1
1
0
1
0
1
0
1
0
0
1
1
1
1
0
1
1
1
1
1
1
0
0
0
0
0
1
0
0
0
0
0
1
0
1
1
1
0
1
1
0
1
0
1
1
1
1
1
1
1
0
1
0
1
0
0
0
1
2
1
0
1
0
1
1
1
2
2
2
2
5
5
7
8
9
9
11
12
15
16
18
19
21
22
24
25
27
27
28
30
31
33
34
35
35
36
37
39
40
42
44
46
47
49
50
51
53
54
55
56
57
58
60
61
63
63
65
66
68
69
69
71
73
74
75
75
76
76
77
75
74
72
71
71
70
70
70
69
68
67
65
65
66
65
61
60
56
55
50
50
45
43
41
40
36
35
32
30
28
26
24
21
19
17
14
12
9
6
4
0
0
0
1
0
0
0
0
1
1
1
2
1
0
0
1
1
1
1
0
1
1
1
0
0
0
1
0
0
0
1
0
1
0
1
1
2
0
1
1
1
1
0
0
1
1
0
0
0
0
0
1
0
1
1
1
1
1
1
1
1
1
1
1
1
1
1
1
0
0
1
0
0
0
0
0
1
0
0
1
1
0
0
1
0
0
1
1
1
0
0
1
0
0
0
0
0
0
0
1
0
0
0
1
1
1
