0
0
0
0
0
0
0
0
0
0
0
0
0
0
0
0
0
0
0
0
0
0
0
0
0
0
0
0
0
0
0
0
0
0
0
0
0
0
0
0
0
0
0
0
0
0
0
0
0
0
0
0
1
1
0
0
1
0
0
0
0
0
0
0
0
1
0
0
0
1
0
0
0
0
0
0
0
1
0
0
1
0
0
0
1
0
1
0
0
0
1
0
0
0
0
1
0
0
0
0
1
1
0
0
0
1
0
0
0
0
0
1
0
0
0
0
1
1
0
1
1
0
1
0
1
0
1
0
1
0
1
0
1
0
1
0
1
1
1
0
1
1
0
1
0
1
0
1
0
0
1
0
0
1
0
1
0
0
0
1
0
1
1
1
1
1
1
1
0
1
0
1
1
1
1
1
1
0
1
0
0
0
1
1
0
0
1
1
1
1
1
2
1
1
1
2
3
3
2
3
2
1
1
3
2
5
5
7
8
10
11
12
14
16
17
17
19
20
21
22
23
25
25
27
29
29
32
32
33
34
36
36
38
40
41
43
44
46
47
48
50
51
51
53
54
55
58
59
57
58
58
60
60
61
61
60
62
62
62
64
63
63
61
59
60
58
56
54
54
52
52
49
49
47
47
46
45
44
43
41
41
41
41
40
40
38
35
34
31
28
26
23
24
26
24
23
21
20
18
18
15
13
11
10
9
7
6
5
3
3
2
0
1
0
0
0
1
0
0
0
0
0
0
0
0
0
0
0
0
1
1
0
0
0
1
1
0
1
0
1
1
1
0
1
0
0
0
0
0
1
0
1
1
1
1
1
0
0
0
0
1
1
0
1
1
1
1
0
1
0
0
0
1
0
0
0
0
0
2
1
1
0
0
0
0
0
0
0
1
0
0
0
0
0
0
1
0
1
0
0
0
0
