0
0
0
0
0
0
0
0
0
0
0
0
0
0
0
0
0
0
0
0
0
0
0
0
0
0
0
0
0
0
0
0
0
0
0
0
0
0
0
0
0
0
0
0
0
0
0
0
0
1
1
0
1
0
1
0
0
1
0
1
0
1
0
0
0
1
0
1
0
0
0
0
0
0
1
0
0
0
0
0
0
0
1
0
1
0
1
0
0
0
1
1
1
0
0
1
0
0
0
0
0
1
0
0
0
1
0
0
0
0
0
0
0
0
0
0
0
0
1
0
0
1
1
0
0
0
1
1
1
0
1
0
1
0
1
0
1
1
0
1
1
0
0
0
0
1
0
1
0
1
0
1
0
0
0
1
0
1
0
1
0
0
1
0
1
0
0
0
0
1
1
0
0
1
0
1
1
0
1
0
1
0
1
0
0
1
1
1
0
1
0
1
1
2
0
1
2
2
1
3
3
5
6
7
8
10
11
13
14
16
18
20
21
22
23
25
26
26
27
28
30
31
34
35
38
39
40
41
42
43
45
47
49
50
51
53
55
56
57
57
59
60
62
65
65
67
70
72
74
76
77
78
77
80
80
81
81
82
83
84
85
83
82
81
80
76
76
76
76
76
74
73
72
71
71
68
67
64
62
59
58
55
53
52
51
50
49
49
47
46
45
45
43
41
39
37
34
33
30
28
24
24
22
21
19
17
14
11
8
5
3
1
1
0
0
1
1
0
1
0
1
0
0
0
0
0
0
0
1
1
1
1
2
1
1
1
1
1
1
1
1
1
0
1
0
1
0
1
0
1
0
1
1
1
0
0
1
0
1
0
0
0
0
1
0
0
1
0
1
0
0
0
0
0
0
1
0
1
0
0
0
1
0
0
0
1
0
0
0
0
0
0
0
0
0
0
0
0
0
0
0
0
