0
0
0
0
0
0
0
0
0
0
0
0
0
0
0
0
0
0
0
0
0
0
0
0
0
0
0
0
0
0
0
0
0
0
0
0
0
0
0
0
0
0
0
0
0
0
0
0
0
0
0
1
0
0
0
0
0
1
0
1
0
0
0
1
0
0
0
1
0
0
0
0
0
0
0
0
0
1
1
0
0
0
0
0
1
0
0
0
0
0
0
1
0
0
1
0
0
0
0
0
0
0
0
0
0
0
0
1
0
0
0
1
0
1
1
1
0
0
0
0
1
0
0
0
1
0
1
1
0
0
0
0
0
0
0
0
1
1
1
0
1
0
0
1
1
0
0
0
0
1
0
1
0
1
0
0
0
0
0
0
0
0
0
1
0
0
1
0
0
0
0
0
1
0
0
0
1
0
1
0
1
0
0
0
1
1
1
1
1
1
1
0
0
0
1
1
0
1
2
2
1
1
0
1
1
2
3
5
7
9
10
11
12
13
13
15
15
15
18
20
22
23
25
27
29
31
33
33
34
35
37
38
40
41
43
45
46
47
48
51
52
55
57
60
62
65
68
70
72
75
77
80
82
85
87
89
92
93
95
96
98
98
100
99
100
99
100
99
99
99
99
99
99
99
98
99
99
97
97
96
95
95
95
93
93
93
91
90
90
89
89
89
89
90
90
90
89
88
87
87
85
86
87
89
87
86
86
86
84
83
83
83
81
79
78
77
75
74
73
70
71
69
68
65
63
61
60
57
55
52
51
49
47
42
40
38
36
33
29
26
23
21
17
14
9
8
5
6
4
2
1
1
0
1
0
1
0
0
1
0
0
0
1
0
1
0
1
0
0
0
1
0
1
0
0
1
1
0
0
1
0
0
1
0
0
1
0
1
1
1
0
0
0
0
0
0
0
0
0
1
1
1
