0
0
0
0
0
0
0
0
0
0
0
0
0
0
0
0
0
0
0
0
0
0
0
0
0
0
0
0
0
0
0
0
0
0
0
0
0
0
0
0
0
0
0
0
0
0
0
0
0
0
0
0
0
0
0
1
1
0
0
1
0
0
0
1
0
0
0
0
0
0
0
0
0
1
1
1
0
0
1
0
0
0
0
0
0
0
0
0
0
0
0
1
0
1
1
0
0
0
0
1
0
0
0
0
0
1
0
0
0
1
0
1
0
0
1
0
1
1
1
1
1
1
1
0
0
0
0
0
1
0
0
0
1
0
1
0
1
1
1
1
2
1
1
1
1
1
1
1
1
2
4
5
4
5
5
6
4
4
3
6
8
10
13
12
11
11
13
12
14
14
16
17
17
18
19
17
17
18
17
15
15
15
12
12
12
11
11
10
9
8
8
8
7
6
3
3
1
0
1
1
0
1
0
0
1
1
1
0
0
0
0
1
0
1
1
0
0
0
0
0
0
0
1
0
0
0
1
0
0
0
1
0
0
1
0
1
0
1
1
1
0
1
1
1
0
1
0
1
0
1
0
1
0
1
0
1
1
1
1
1
1
1
1
1
1
1
1
1
1
1
1
0
1
0
1
0
0
0
1
0
0
1
1
1
1
0
1
1
1
0
0
1
1
0
0
0
0
0
0
0
0
0
0
0
0
1
1
1
0
0
0
1
0
0
0
0
0
0
0
0
0
0
1
0
1
0
1
1
0
0
0
1
1
1
1
1
0
1
0
1
0
1
0
1
0
0
0
0
0
0
0
0
0
0
0
0
0
0
0
0
0
0
0
0
0
0
1
0
0
0
0
0
0
0
0
0
0
0
0
0
0
0
0
0
0
0
0
0
0
0
0
0
0
0
0
0
0
0
0
0
0
0
