0
0
0
0
0
0
0
0
0
0
0
0
0
0
0
0
0
0
0
0
0
0
0
0
0
0
0
0
0
0
0
0
0
0
0
0
0
0
0
0
0
0
0
0
0
0
0
0
0
0
0
0
1
1
0
1
0
0
0
1
0
1
0
0
0
0
0
0
0
0
0
0
0
0
1
0
0
0
0
0
0
0
0
0
0
0
0
0
0
0
0
0
1
0
2
1
0
1
0
0
1
0
0
1
0
0
0
0
0
1
0
0
0
1
0
1
0
1
1
1
1
1
1
0
1
0
1
0
1
0
1
0
1
0
1
0
0
1
0
1
1
1
1
1
1
1
1
1
1
1
1
1
0
1
0
1
0
1
0
1
0
2
5
5
5
5
5
5
6
7
9
10
10
12
14
16
17
17
19
20
22
24
27
28
31
32
32
32
33
34
34
36
36
37
39
39
40
41
42
42
43
45
45
46
47
47
46
47
46
47
47
47
45
45
44
44
44
43
43
42
43
41
40
39
38
37
36
36
34
32
32
29
28
27
25
24
23
22
19
18
17
15
13
11
8
5
6
4
4
3
3
1
1
1
0
0
1
1
0
0
1
1
1
0
0
1
0
0
0
0
0
0
0
0
0
0
1
0
0
0
1
0
1
1
1
1
1
0
1
0
0
0
0
1
1
0
0
0
0
1
0
1
0
1
1
0
1
0
1
1
1
0
1
1
1
0
1
0
1
0
1
0
0
0
1
0
1
0
1
1
0
1
1
1
0
1
0
1
0
0
1
1
0
1
0
1
0
1
0
1
0
1
0
1
1
1
0
0
0
0
0
0
1
0
0
0
0
0
0
0
1
0
1
0
1
0
0
0
0
0
0
0
0
0
0
0
0
0
0
0
0
0
0
0
0
0
0
0
0
0
0
0
