0
0
0
0
0
0
0
0
0
0
0
0
0
0
0
0
0
0
0
0
0
0
0
0
0
0
0
0
0
0
0
0
1
0
0
0
0
0
0
0
0
0
0
1
1
0
0
0
0
0
0
0
0
0
0
1
1
0
0
0
0
0
0
0
0
0
0
0
0
1
1
0
0
0
1
0
0
0
1
1
0
0
0
0
1
0
1
0
0
0
1
0
0
1
0
0
0
0
0
1
0
0
0
1
0
1
0
0
0
1
0
1
0
0
0
0
0
0
1
1
1
1
1
0
1
1
1
0
1
0
1
0
1
0
1
0
1
1
1
1
0
0
0
1
0
1
0
1
1
0
0
1
0
1
0
1
0
1
0
0
0
1
1
0
1
0
1
1
0
0
1
0
1
1
1
1
1
0
1
0
1
0
0
0
1
0
1
0
1
0
0
1
0
0
1
1
0
1
1
1
0
0
0
1
0
0
0
1
0
0
1
1
1
3
4
5
5
5
5
4
3
3
3
4
4
5
6
6
8
8
9
11
11
13
14
15
16
18
19
21
22
24
26
29
31
32
35
37
39
42
44
47
49
52
54
57
60
62
64
64
64
64
64
64
66
68
69
69
69
69
69
68
69
68
69
68
69
68
69
68
69
68
68
68
68
68
68
68
67
67
67
67
66
65
64
62
60
59
57
55
52
50
46
45
45
43
43
42
41
41
40
39
39
39
38
36
35
34
34
31
30
27
26
23
23
21
21
19
20
18
17
16
15
12
10
10
10
9
9
7
6
6
4
5
4
4
3
4
3
4
3
4
4
4
4
4
4
4
4
4
4
4
4
4
3
2
2
0
0
0
1
0
1
0
1
1
0
0
1
0
1
0
1
0
1
1
0
1
0
0
0
1
0
0
0
0
0
1
0
0
0
0
