0
0
0
0
0
0
0
0
0
0
0
0
0
0
0
0
0
0
0
0
0
0
0
0
1
0
0
0
1
0
0
0
1
0
0
0
0
0
0
0
0
0
0
0
0
0
0
0
0
1
1
0
1
0
0
1
0
1
0
0
0
1
0
1
0
1
0
0
0
0
0
0
1
0
0
0
0
0
0
0
1
0
0
0
1
0
0
0
0
0
0
0
1
1
1
0
0
1
0
0
0
1
0
1
0
0
0
1
0
1
0
1
0
0
1
0
0
1
0
1
0
0
1
0
0
1
1
1
0
0
1
0
1
0
1
0
1
1
0
1
0
0
0
1
0
1
1
0
0
1
1
0
0
1
0
0
0
0
0
0
0
1
1
1
0
1
1
0
1
0
1
1
0
1
1
1
0
0
1
0
0
0
1
0
1
2
3
2
1
1
0
1
0
2
3
5
5
7
7
10
10
11
12
13
15
17
17
19
19
22
23
25
26
29
30
31
34
36
38
39
41
42
45
46
47
47
50
50
52
54
56
57
59
61
63
64
64
66
67
69
71
73
74
77
78
80
81
83
85
87
88
91
91
92
92
94
94
94
94
95
95
96
95
92
91
91
88
88
89
89
88
85
84
82
81
78
76
73
73
69
68
67
66
64
63
62
61
60
59
58
56
56
55
54
52
51
48
47
44
44
42
39
36
35
34
33
30
28
26
23
21
18
16
14
13
10
9
8
7
4
3
0
0
0
0
0
1
0
1
1
1
1
1
1
0
0
0
1
1
1
1
1
0
1
0
1
0
1
0
1
0
0
0
1
1
1
1
1
1
1
1
0
0
0
1
0
1
0
0
0
0
0
1
0
0
1
0
1
1
0
0
0
0
0
0
0
0
0
0
0
0
0
0
0
0
0
0
0
0
0
0
0
