0
0
0
0
0
0
0
0
0
0
0
0
0
0
0
0
0
0
0
0
0
0
0
0
0
0
0
0
0
0
0
0
0
0
0
0
0
0
0
0
0
0
0
0
0
0
0
0
0
0
1
0
0
0
0
1
0
1
0
0
0
0
0
0
0
1
0
0
0
0
0
1
0
0
0
0
0
0
0
0
0
0
1
0
0
0
0
0
0
0
0
1
0
0
1
1
1
0
0
0
1
0
1
0
0
1
0
0
0
0
0
0
0
0
0
0
0
1
0
0
1
1
0
1
1
1
1
0
0
0
1
0
1
0
1
0
0
1
1
1
1
1
0
0
1
0
0
1
1
0
1
1
0
1
0
0
0
1
0
1
0
1
1
1
1
1
1
1
1
3
3
3
3
3
3
4
4
6
8
9
11
13
16
17
20
20
21
22
23
23
25
28
30
31
32
34
34
36
37
38
39
41
43
44
46
47
48
49
49
51
52
54
54
55
56
57
56
57
58
59
60
60
61
61
62
59
59
59
60
61
60
58
57
56
56
54
53
50
48
48
44
44
43
41
40
40
39
37
36
36
34
32
31
30
29
29
28
27
27
28
25
22
21
19
19
18
18
16
12
9
6
1
1
0
0
0
1
0
1
0
1
1
1
0
1
0
0
0
0
0
1
0
0
1
1
1
0
0
0
0
0
0
0
0
1
1
1
1
1
1
1
0
0
0
0
0
0
0
0
0
1
0
0
0
1
0
1
0
0
1
1
1
2
1
0
1
0
1
0
1
1
1
0
0
0
1
0
1
0
1
1
0
1
1
0
1
1
0
0
1
1
0
1
0
0
0
0
0
0
0
1
0
0
0
1
0
0
0
0
0
0
0
0
0
0
0
0
0
0
0
0
0
0
0
0
0
0
0
0
0
0
0
