0
0
0
0
0
0
0
0
0
0
0
0
0
0
0
0
0
0
0
0
0
0
0
0
0
0
0
0
0
0
0
0
0
0
0
0
0
0
0
0
0
0
0
0
0
0
0
0
0
0
0
0
1
1
0
1
0
0
0
1
0
1
0
0
0
0
0
0
0
0
0
0
0
1
0
0
0
0
0
0
0
0
0
0
0
0
0
0
0
0
1
0
0
1
2
0
0
0
0
0
1
0
1
0
0
0
0
0
0
1
0
1
0
1
0
0
0
0
0
1
1
1
1
0
1
1
1
0
0
0
1
0
0
0
1
0
0
1
1
1
0
1
0
1
0
1
0
0
0
1
1
1
0
1
0
0
0
1
0
1
0
1
1
1
1
1
1
1
1
1
1
1
1
1
2
4
5
4
5
4
6
6
7
6
7
10
12
13
15
17
18
20
21
23
23
25
25
26
27
28
29
31
32
34
36
38
39
41
41
42
43
44
46
47
49
50
52
53
54
54
56
56
57
58
58
59
60
60
61
60
60
58
58
58
58
57
57
58
58
57
54
52
49
49
48
47
47
46
45
46
45
45
45
45
43
43
44
44
42
40
39
37
34
33
31
28
25
22
19
17
15
11
9
5
4
1
1
0
1
0
1
1
1
1
0
1
1
1
1
1
1
1
1
1
0
1
0
0
0
1
0
1
0
1
1
1
0
1
1
0
0
1
1
1
0
0
1
1
1
0
1
0
1
0
1
0
1
0
0
1
1
1
1
1
0
1
0
1
1
1
0
1
0
0
0
0
0
1
0
1
0
0
0
0
1
1
1
1
0
0
0
0
0
0
0
0
0
0
0
0
0
0
1
0
0
0
0
0
0
0
0
0
0
0
0
0
0
0
0
0
0
0
0
0
0
0
0
0
0
0
0
0
