0
0
0
0
0
0
0
0
0
0
0
0
0
0
0
0
0
0
0
0
0
0
0
0
0
0
0
0
0
0
0
0
0
0
0
0
0
0
0
0
0
0
0
0
0
0
0
0
0
0
1
1
0
0
1
0
0
1
0
1
0
1
0
0
0
0
0
0
0
0
0
0
0
0
0
0
1
0
1
0
1
0
0
0
0
0
1
0
0
0
0
0
0
0
1
0
1
1
0
1
0
0
0
0
0
1
0
1
0
0
0
0
0
0
0
0
1
0
0
0
1
1
1
1
1
0
1
1
0
0
1
0
0
0
0
0
0
1
1
0
0
1
0
1
0
0
0
1
1
1
1
1
0
0
0
1
0
1
0
1
0
1
1
1
1
1
1
2
4
2
2
1
1
1
1
3
3
5
7
9
12
13
14
14
16
19
20
21
23
24
25
28
30
32
33
34
35
36
37
39
38
40
39
42
41
41
42
44
43
45
46
47
49
50
49
48
47
49
48
48
48
48
47
47
46
45
44
41
40
38
38
36
36
34
32
30
29
28
27
23
20
18
15
15
14
13
11
11
10
11
10
11
10
8
5
4
4
2
1
3
2
1
1
0
1
0
1
1
1
0
1
0
1
0
0
0
0
0
1
0
1
1
0
1
1
0
0
0
0
1
1
1
1
0
1
0
0
0
0
0
0
1
0
1
1
1
1
0
1
0
1
0
1
0
1
1
0
1
1
0
1
0
1
0
1
0
1
0
0
1
1
1
2
1
1
1
0
1
0
1
1
0
0
0
0
1
0
0
0
1
1
1
0
0
0
0
0
0
0
0
0
0
0
0
0
0
1
0
1
0
1
0
0
0
0
0
0
0
0
0
0
0
0
0
0
0
0
0
0
0
0
0
0
0
0
0
0
0
0
0
0
0
