0
0
0
0
0
0
0
0
0
0
0
0
0
0
0
0
0
0
0
0
0
0
0
0
0
0
0
0
0
0
0
0
0
0
0
0
0
0
0
0
0
0
0
0
0
0
0
0
0
0
0
1
0
0
0
0
0
1
0
0
0
0
0
0
0
0
0
1
0
0
0
1
0
1
0
1
1
1
0
0
0
0
0
0
0
0
1
0
1
0
1
0
0
1
1
0
1
0
0
1
0
0
0
1
0
0
0
1
0
1
0
0
0
0
0
0
1
0
1
0
0
1
1
0
1
0
0
0
0
0
1
0
1
0
1
0
0
1
1
0
0
0
0
0
0
1
1
0
0
1
0
0
0
1
0
0
0
0
0
1
0
0
0
1
1
1
0
0
1
1
1
1
1
0
1
1
1
0
1
0
1
0
1
0
1
2
4
2
0
1
1
1
0
0
0
1
1
2
2
3
4
6
7
9
10
12
14
16
16
18
20
21
22
24
25
27
28
29
31
31
34
35
37
39
40
42
43
44
46
48
49
50
52
54
55
56
58
60
61
63
65
67
68
71
71
73
75
76
78
81
81
84
85
86
86
87
87
87
86
86
86
84
84
83
81
80
78
79
80
79
78
75
73
70
68
65
64
61
60
57
57
55
54
52
51
50
49
48
46
45
44
43
42
39
37
35
31
32
28
27
24
23
19
19
14
11
9
7
5
3
1
1
1
0
0
0
1
0
1
0
1
0
1
0
1
0
1
0
1
0
1
1
1
1
0
1
1
1
1
1
1
0
0
1
0
1
0
0
0
1
1
1
1
1
0
0
1
0
1
1
0
0
1
0
1
0
1
0
1
0
0
0
0
0
0
0
0
0
1
1
0
0
0
1
0
0
0
0
0
0
0
0
0
0
0
0
0
0
0
0
0
0
