0
0
0
0
0
0
0
0
0
0
0
0
0
0
0
0
0
0
0
0
0
0
0
0
0
0
0
0
0
0
0
0
0
0
0
0
0
0
0
0
0
0
0
0
0
0
0
0
0
0
0
1
0
0
0
0
0
1
0
0
0
0
0
1
0
0
0
1
0
0
0
0
0
0
0
0
0
0
1
0
1
0
0
0
1
0
1
0
1
0
0
0
0
0
1
0
0
0
0
1
0
0
0
1
0
0
0
1
0
0
0
0
0
1
0
1
0
0
0
0
0
1
0
0
1
0
1
0
1
0
0
0
1
0
1
0
1
0
1
0
1
0
1
0
0
1
0
1
0
0
1
0
0
0
0
1
0
1
0
1
0
0
1
1
0
0
1
1
1
0
1
0
1
0
0
1
0
0
1
0
0
0
1
0
0
1
1
1
0
1
0
2
1
2
4
6
7
9
9
11
13
14
15
18
19
20
22
22
24
26
27
28
29
31
33
35
38
39
42
43
45
47
48
50
52
54
55
57
58
59
61
62
63
65
66
68
69
71
73
75
76
77
77
78
79
81
83
84
86
88
89
92
93
96
97
99
97
97
97
98
98
98
98
97
96
94
92
89
87
85
85
85
84
81
79
76
74
71
69
66
64
61
60
57
55
53
51
48
45
43
40
38
37
36
35
33
30
27
23
23
19
19
17
17
15
13
13
13
12
10
8
6
5
5
2
2
1
1
1
0
1
0
1
0
1
0
0
0
1
1
1
0
1
0
0
0
1
1
1
0
0
0
0
0
0
1
0
1
0
1
0
1
1
1
1
1
1
1
1
1
1
1
1
1
1
0
0
0
1
0
0
0
1
0
0
0
1
0
0
1
0
0
0
1
0
1
0
1
0
0
0
0
0
0
0
0
0
1
0
0
0
0
