0
0
0
0
0
0
0
0
0
0
0
0
0
0
0
0
0
0
0
0
0
0
0
0
0
0
0
0
0
0
0
0
0
0
0
0
0
0
0
0
0
0
0
0
0
0
0
0
0
0
0
1
0
0
1
0
1
0
0
0
0
0
0
1
0
0
0
1
0
0
0
0
1
1
0
0
0
1
0
0
0
0
1
0
0
0
0
0
0
0
0
0
0
0
1
0
0
1
0
1
0
1
0
1
0
0
0
0
0
0
0
1
0
0
0
1
0
0
0
0
0
1
1
0
1
1
1
0
1
0
1
0
1
0
1
0
1
1
1
0
1
1
1
0
1
1
1
1
1
1
1
1
0
1
0
1
0
1
0
1
0
1
1
1
1
0
1
1
1
1
2
1
1
0
1
1
1
0
1
2
5
7
8
8
9
10
12
14
14
13
15
17
19
19
20
23
24
24
24
25
26
29
30
32
33
34
32
34
34
34
33
35
36
38
39
40
41
41
41
41
41
42
42
41
39
36
37
36
36
35
36
35
34
32
31
28
26
25
21
21
18
17
17
16
14
11
11
11
10
9
7
8
7
7
5
5
3
3
3
3
2
0
0
0
1
1
1
0
1
0
0
0
0
0
1
0
0
0
1
0
1
1
1
1
1
1
0
1
0
0
0
1
1
1
0
1
0
1
0
1
0
1
0
0
0
1
0
1
1
0
1
1
1
1
1
1
0
0
1
0
1
0
1
0
1
0
1
0
0
0
1
0
2
1
1
1
1
1
1
1
0
0
0
0
0
0
0
0
0
0
0
1
0
0
1
0
1
1
0
0
1
0
1
0
0
0
0
0
1
0
0
0
1
0
1
1
1
0
0
0
0
0
0
0
0
0
0
0
0
0
0
0
0
0
0
0
0
0
0
0
0
0
