0
0
0
0
0
0
0
0
0
0
0
0
0
0
0
0
0
0
0
0
0
0
0
0
0
0
0
0
0
0
0
0
1
0
0
0
0
0
0
0
0
0
0
0
0
0
0
0
0
0
0
1
0
0
0
0
0
1
0
0
0
1
0
0
1
1
0
0
0
0
1
0
1
0
1
0
0
0
0
0
0
0
0
0
1
0
0
0
1
0
0
0
1
0
0
0
0
0
0
0
0
0
0
0
0
0
0
1
0
0
0
1
0
0
1
0
0
1
1
1
1
0
1
0
1
1
1
0
0
0
1
0
1
0
1
0
0
1
1
1
0
0
0
1
0
1
0
1
1
1
0
1
0
0
0
1
0
0
0
0
0
1
1
0
1
1
1
0
0
1
1
1
1
1
1
1
1
0
1
0
1
0
1
0
0
1
1
0
0
1
0
0
0
0
0
1
1
1
1
2
3
4
3
4
2
3
1
2
2
5
7
8
10
13
12
13
15
16
16
18
20
20
22
23
25
26
28
29
31
32
34
35
36
38
39
40
42
44
46
48
50
52
54
56
58
61
64
66
68
71
73
76
78
81
83
86
89
91
94
96
98
99
100
99
98
97
98
99
99
98
98
97
97
95
96
94
95
93
93
90
88
87
86
84
82
80
79
77
75
74
72
70
69
67
64
62
59
57
53
52
50
49
48
48
47
47
46
46
46
45
45
45
42
41
40
39
37
36
35
33
32
29
29
27
27
26
26
23
21
19
18
16
15
13
11
9
7
6
4
1
0
1
0
0
0
0
0
1
0
1
0
0
1
1
1
1
1
1
1
1
1
1
1
1
1
1
1
0
1
0
1
0
1
0
1
1
0
1
2
1
0
1
0
1
1
0
0
0
0
0
0
1
0
0
0
1
0
0
0
0
0
0
