0
0
0
0
0
0
0
0
0
0
0
0
0
0
0
0
0
0
0
0
0
0
0
0
0
0
0
0
0
0
0
0
0
0
0
0
0
0
0
0
0
0
0
0
0
0
0
0
0
0
0
0
1
1
0
1
0
0
0
1
0
1
0
0
0
0
0
1
0
0
0
0
0
1
1
0
0
0
1
1
1
0
0
0
0
0
1
0
1
0
1
0
1
1
1
0
1
0
1
0
0
0
0
0
0
1
0
1
0
1
0
0
0
0
0
1
0
0
0
0
1
1
1
1
0
0
0
1
1
0
1
0
1
0
0
0
0
1
1
0
0
1
1
1
0
0
1
0
0
1
1
1
0
1
0
1
0
1
0
1
1
1
1
1
1
1
1
1
1
0
2
2
1
1
1
1
1
3
6
7
8
9
12
12
14
15
15
17
19
22
23
26
28
31
32
34
36
38
39
42
42
44
45
47
48
50
50
52
50
51
52
53
54
56
58
58
57
58
58
59
59
60
61
61
63
64
63
64
65
65
66
65
66
65
64
63
62
61
61
59
58
58
57
57
54
53
52
49
49
50
48
50
49
49
49
47
47
47
47
46
43
42
41
40
39
37
35
33
30
28
26
21
20
16
14
8
6
3
1
0
1
1
1
1
1
1
0
1
1
1
0
0
1
1
0
1
0
0
0
1
0
0
0
0
1
1
1
0
1
0
1
1
1
0
0
1
1
0
0
0
1
0
1
0
1
0
1
0
1
1
1
1
2
0
1
1
1
1
1
1
0
1
0
1
0
1
0
0
0
1
0
1
1
1
1
1
1
0
1
0
1
0
0
0
1
0
0
0
0
0
0
0
0
0
0
0
1
1
1
1
0
0
0
0
0
0
0
0
0
0
0
0
0
0
0
0
0
0
0
0
0
0
