0
0
0
0
0
0
0
0
0
0
0
0
0
0
0
0
0
0
0
0
0
0
0
0
0
0
0
0
0
0
0
0
0
0
0
0
0
0
0
0
0
0
0
0
0
0
0
0
0
0
0
0
1
0
0
1
0
0
0
1
0
0
0
0
0
0
0
0
0
0
0
0
0
0
0
0
0
1
0
0
0
0
0
0
1
0
0
0
0
0
0
1
1
0
2
1
0
1
0
1
0
0
0
0
0
1
0
0
0
0
0
0
0
0
1
0
0
0
0
0
1
1
1
1
0
1
1
0
1
0
0
0
1
0
1
0
1
1
1
1
0
1
1
1
0
0
0
1
0
1
0
1
0
1
0
1
0
1
0
1
0
1
1
1
1
2
1
0
1
3
2
2
2
2
2
3
5
5
6
8
10
11
13
14
16
18
20
23
24
26
28
31
32
35
35
36
36
38
40
42
44
45
47
48
48
50
50
51
53
55
56
58
58
59
59
60
62
61
62
62
62
62
63
64
63
62
63
61
61
61
63
60
60
61
60
59
58
56
55
54
51
52
50
49
47
46
46
43
41
41
41
40
38
38
37
37
36
36
34
33
31
30
29
27
27
26
25
22
18
15
13
9
7
3
1
0
1
0
1
0
0
1
1
0
1
1
0
0
0
1
0
1
0
0
0
1
0
1
0
0
0
0
1
1
1
1
0
0
0
0
1
1
0
0
0
0
1
0
1
0
0
0
1
0
0
0
1
0
0
1
1
1
1
1
0
1
1
1
0
1
1
0
0
0
0
0
0
1
0
1
0
1
1
1
1
1
0
0
1
0
1
0
1
0
0
0
0
0
0
0
0
0
1
0
0
1
1
1
0
0
0
0
0
0
0
0
0
0
0
0
0
0
0
0
0
0
0
0
0
0
0
0
