0
0
0
0
0
0
0
0
0
0
0
0
0
0
0
0
0
0
0
0
0
0
0
0
0
0
0
0
0
0
0
0
0
0
0
0
0
0
0
0
0
0
0
0
0
0
0
0
0
0
0
0
0
1
1
0
0
0
0
0
0
1
0
0
0
0
0
0
0
0
0
0
0
0
0
0
0
0
1
0
1
0
1
0
0
0
0
0
0
0
1
1
0
0
1
0
0
0
0
1
0
0
1
0
0
0
0
0
0
0
0
0
0
0
0
1
0
1
1
0
1
1
1
1
1
1
1
1
1
0
1
0
1
0
1
0
0
1
1
0
0
0
1
1
0
1
0
1
1
1
1
0
0
1
0
1
0
1
0
0
0
1
1
1
0
1
1
1
1
1
0
0
1
1
1
0
0
0
0
1
3
2
2
0
0
1
2
5
6
9
8
10
11
13
15
17
17
20
22
23
24
25
27
30
32
33
34
36
37
40
43
45
48
50
51
52
54
55
58
59
61
62
63
65
67
68
71
72
74
75
76
78
80
81
83
83
85
86
85
87
89
90
90
91
92
93
95
95
95
96
98
98
99
99
99
100
98
98
96
97
97
97
98
97
96
95
96
95
94
92
90
85
83
78
79
78
77
74
73
69
67
63
62
58
55
54
53
51
50
49
48
46
45
43
42
41
37
37
34
33
30
28
25
23
21
19
16
16
14
11
11
9
8
7
4
2
1
1
0
0
1
0
0
0
0
0
0
0
0
1
0
1
1
1
0
1
0
1
0
1
1
1
0
1
0
1
0
0
0
1
1
1
1
1
0
1
1
0
0
0
1
0
0
0
0
0
1
0
0
0
0
0
1
0
1
1
0
0
0
0
1
0
0
1
0
1
1
0
0
0
0
0
0
0
0
0
0
0
0
0
0
0
