0
0
0
0
0
0
0
0
0
0
0
0
0
0
0
0
0
0
0
0
0
0
0
0
0
0
0
0
0
0
0
0
0
0
0
0
0
0
0
0
0
0
0
0
0
0
0
0
0
0
0
0
0
1
1
0
0
0
0
0
0
1
0
0
0
0
0
0
0
1
0
0
0
0
0
1
1
1
0
0
0
0
0
0
0
0
0
0
0
0
0
1
0
0
1
1
0
0
0
0
0
1
0
0
0
0
0
1
0
1
0
1
0
0
0
1
1
0
0
1
1
0
1
1
1
1
1
0
0
0
1
0
0
0
1
0
1
1
1
1
1
1
1
1
0
0
0
1
1
0
0
1
0
1
0
0
0
1
0
1
0
1
1
1
1
1
1
0
1
1
1
0
1
1
3
3
3
1
2
0
1
0
1
1
4
7
9
12
14
16
18
21
22
23
25
26
25
28
29
31
33
35
37
40
41
43
44
47
48
51
51
51
52
53
54
56
58
59
61
62
64
64
65
67
67
69
69
68
70
70
71
73
72
71
72
73
73
75
75
75
74
74
74
75
75
75
75
74
73
73
71
70
68
66
66
66
65
66
66
65
66
65
64
62
62
61
60
59
57
56
54
53
52
50
49
47
47
44
43
42
40
38
38
36
33
29
28
26
25
27
26
25
23
22
20
18
16
16
14
13
10
11
9
8
7
5
5
5
4
2
1
1
0
0
0
0
0
1
0
0
1
0
0
0
0
0
0
0
1
1
0
1
2
1
1
1
1
1
1
1
0
0
0
1
0
1
0
1
0
1
0
1
0
1
1
1
1
1
1
0
1
0
0
1
0
1
0
0
1
0
0
0
1
0
1
1
0
0
0
1
0
1
0
1
0
0
1
1
0
1
0
0
0
0
0
0
0
0
0
0
0
0
