0
0
0
0
0
0
0
0
0
0
0
0
0
0
0
0
0
0
0
0
0
0
0
0
0
0
0
0
0
0
0
0
0
0
1
0
0
0
0
0
0
0
0
0
0
0
0
0
0
0
0
0
1
1
0
1
0
0
0
1
0
1
0
0
0
0
0
0
0
1
0
0
0
0
0
1
0
0
1
0
1
0
0
0
0
0
0
0
0
0
0
0
0
1
1
0
0
0
0
0
0
0
0
1
0
0
0
1
0
0
0
0
0
0
1
0
1
0
1
0
1
0
1
1
1
0
0
1
1
0
0
0
1
0
0
0
1
1
1
0
0
0
0
1
0
0
0
1
0
0
1
1
0
1
0
1
0
1
0
1
0
1
1
1
1
1
1
1
3
3
4
3
3
3
3
4
4
5
8
10
13
14
17
18
20
22
23
26
28
29
30
33
35
37
37
37
39
41
43
45
45
48
47
49
51
53
55
56
57
60
62
63
64
66
66
67
67
68
69
69
70
71
73
71
73
74
75
76
78
77
77
78
78
77
78
78
78
75
75
76
74
74
71
71
70
69
67
65
62
63
58
57
56
58
56
56
57
58
56
56
55
54
53
51
50
47
46
44
43
41
39
37
36
35
35
33
29
25
23
20
20
16
13
7
5
3
2
2
2
1
1
1
0
1
1
1
0
1
0
1
0
1
1
1
1
1
1
1
0
0
0
1
1
0
1
0
1
1
0
0
1
0
0
0
0
0
1
0
1
0
0
1
0
1
1
1
1
1
0
1
0
1
0
1
0
1
0
1
0
1
0
1
0
1
0
0
1
1
1
1
1
1
1
0
0
0
1
0
0
0
0
0
1
0
1
0
1
1
0
1
0
1
0
0
0
1
0
0
0
0
0
1
0
0
0
0
0
0
0
1
1
1
