0
0
0
0
0
0
0
0
0
0
0
0
0
0
0
0
0
0
0
0
0
0
0
0
0
0
0
0
0
0
0
0
0
0
0
0
0
0
0
0
0
0
0
0
0
0
0
0
0
0
0
1
0
0
0
0
0
1
0
0
0
1
0
1
0
0
1
0
1
0
0
0
1
0
0
0
1
0
1
0
0
0
0
0
1
0
1
0
0
0
1
1
1
0
0
0
0
0
0
0
0
0
0
1
0
0
0
1
0
0
0
0
0
0
1
1
0
0
0
0
0
0
0
0
1
0
1
0
1
0
1
0
1
0
1
0
1
1
0
0
0
1
0
1
0
1
0
1
0
1
0
0
0
0
0
0
0
0
0
0
0
0
1
1
1
1
1
0
1
0
1
0
1
1
0
0
1
0
1
0
1
0
1
0
1
1
0
2
2
1
0
1
0
1
1
3
3
4
5
6
8
9
11
12
14
15
16
19
17
18
20
22
24
27
28
30
32
32
33
34
36
38
40
41
42
44
46
47
49
50
51
52
54
56
58
60
61
63
65
66
67
69
70
73
75
78
79
79
79
81
81
83
84
87
88
89
90
90
90
90
89
87
86
87
86
86
85
84
85
86
85
81
81
78
77
74
72
70
68
65
65
62
61
59
57
54
51
49
48
45
43
40
39
38
36
33
30
29
26
25
23
24
22
22
20
19
18
18
18
17
17
17
14
12
11
10
6
5
2
0
1
0
0
0
1
0
1
0
1
0
1
0
1
1
0
1
1
1
0
1
1
0
0
0
0
1
0
1
0
1
0
1
0
0
0
2
1
1
1
1
1
1
1
0
1
1
1
0
1
0
0
0
1
0
0
1
1
0
1
1
0
0
0
1
0
1
0
1
0
0
0
1
0
0
0
1
0
0
0
0
0
0
