0
0
0
0
0
0
0
0
0
0
0
0
0
0
0
0
0
0
0
0
0
0
0
0
0
0
0
0
0
0
0
0
0
0
0
0
0
0
0
0
0
0
0
0
0
0
0
0
0
0
0
1
0
0
1
0
1
0
0
0
0
0
0
0
0
1
0
0
0
0
0
0
0
0
0
0
0
0
1
1
0
0
1
0
0
0
1
0
0
0
1
1
0
0
0
0
0
0
0
0
1
0
0
0
0
0
0
1
0
0
0
0
1
0
1
0
0
0
0
1
0
1
1
0
1
1
0
0
1
0
1
0
1
0
1
0
1
1
1
1
0
1
1
0
0
1
0
1
1
1
1
1
0
1
0
0
0
0
0
0
0
0
0
1
1
1
1
1
1
1
1
1
1
1
1
0
0
0
1
0
1
0
1
0
1
1
1
1
0
0
0
0
0
0
0
1
1
1
0
1
0
1
0
1
0
1
0
0
0
1
1
0
1
3
4
5
5
5
5
5
6
6
6
7
8
9
11
11
12
13
14
15
15
17
17
18
19
19
20
22
23
26
28
31
32
34
37
37
39
42
44
47
49
51
51
54
56
57
59
59
61
62
62
62
63
65
67
67
67
67
67
66
67
66
67
66
67
66
67
66
66
66
65
64
63
63
63
62
62
62
61
60
59
58
56
55
52
52
50
49
46
44
41
40
38
37
37
35
35
35
35
34
34
33
33
30
29
26
26
23
23
21
20
17
17
15
15
13
10
8
7
5
4
2
1
1
1
1
1
0
1
1
0
0
0
1
0
1
0
1
1
1
1
1
1
1
1
1
1
1
1
1
1
1
0
1
1
0
1
0
1
0
0
0
0
0
0
1
0
0
0
1
1
1
0
1
0
1
0
0
0
1
0
0
0
1
0
0
0
0
0
0
