0
0
0
0
0
0
0
0
0
0
0
0
0
0
0
0
0
0
0
0
0
0
0
0
0
0
1
0
0
0
1
0
0
0
1
0
0
0
1
0
0
0
1
0
0
1
1
0
0
1
1
0
1
1
0
0
1
0
0
0
0
1
0
1
1
0
1
0
0
1
0
0
0
0
1
0
1
1
0
1
0
0
1
0
0
0
1
0
0
0
0
1
0
0
1
0
0
1
1
1
1
1
0
0
0
0
0
0
0
1
0
1
0
0
0
0
1
0
1
0
0
0
0
0
1
0
1
0
1
0
1
0
1
0
0
0
1
1
0
1
1
0
1
1
0
0
0
1
0
1
0
1
0
0
0
0
0
1
0
1
0
1
1
1
1
1
1
0
1
1
0
1
1
0
1
1
1
0
1
0
0
0
0
0
0
0
1
1
0
0
0
1
0
0
1
0
1
1
2
4
4
4
2
2
0
2
3
5
7
9
11
12
13
14
15
15
16
16
16
17
19
20
22
24
26
27
28
29
31
32
34
35
37
39
40
42
43
46
47
50
51
53
54
57
59
62
65
67
69
72
74
77
79
82
84
87
88
90
92
93
94
94
93
93
92
92
92
91
93
95
94
91
92
89
89
87
86
85
84
81
80
79
79
76
76
74
72
72
71
69
69
69
67
65
63
61
58
57
54
54
51
50
48
47
45
43
40
40
37
37
36
34
32
31
31
29
28
27
26
22
22
20
19
16
16
12
11
6
6
5
3
1
2
0
1
1
1
1
0
1
1
1
0
0
0
1
0
1
0
1
0
1
1
1
1
1
1
0
0
1
1
0
1
1
0
0
0
0
1
0
0
0
0
0
1
1
1
0
1
0
1
0
0
0
0
0
0
1
0
0
0
0
0
0
0
0
0
0
0
1
1
1
