0
0
0
0
0
0
0
0
0
0
0
0
0
0
0
0
0
0
0
0
0
0
0
0
0
0
0
0
0
0
0
0
0
0
0
0
0
0
0
0
0
0
0
0
0
0
0
0
0
0
0
1
0
0
0
0
0
1
0
0
0
1
0
0
1
0
1
1
0
1
0
0
0
0
0
0
0
1
0
0
0
0
1
0
1
0
1
0
0
0
0
0
0
1
1
0
0
0
0
0
0
0
1
0
0
0
0
0
0
1
0
0
0
0
0
0
1
0
1
0
0
0
0
0
0
0
1
0
1
0
1
0
1
0
1
0
1
0
1
1
1
1
0
0
1
1
0
1
0
1
0
0
0
1
0
1
0
1
0
1
0
1
1
0
1
1
1
0
1
1
1
1
1
0
1
0
1
0
1
0
1
0
0
0
1
1
2
1
1
1
0
1
1
2
3
3
4
6
6
6
6
7
8
10
10
12
13
15
16
18
20
22
23
24
25
26
29
30
32
34
35
35
37
38
40
41
43
44
46
48
50
51
52
55
56
57
59
61
62
64
66
68
69
72
72
74
76
78
79
81
81
83
85
88
88
90
90
91
90
89
90
88
87
84
83
82
83
84
84
83
82
80
80
77
77
75
73
69
68
63
63
62
61
60
59
59
55
54
53
53
50
49
48
46
44
42
39
38
35
34
29
28
24
22
20
19
17
16
14
12
8
4
2
1
0
1
1
0
1
0
1
0
0
0
0
0
1
0
0
0
1
1
2
1
1
1
0
1
1
0
1
1
0
1
0
1
0
1
0
1
0
1
1
1
0
1
1
0
0
1
0
0
1
0
1
0
1
0
0
0
1
0
0
0
0
0
1
0
1
0
0
0
0
1
1
0
0
0
0
0
0
0
0
0
0
0
0
0
0
0
0
0
