0
0
0
0
0
0
0
0
0
0
0
0
0
0
0
0
0
0
0
0
0
0
0
0
0
0
0
0
1
0
0
0
0
0
0
0
0
0
0
0
0
0
0
0
0
0
0
0
0
0
0
1
0
0
0
0
0
1
0
0
0
0
0
1
0
0
1
0
0
0
0
0
0
0
0
0
0
0
1
0
0
0
1
0
1
0
1
0
0
0
0
0
1
0
0
0
0
0
0
1
0
0
1
0
0
1
0
1
0
1
0
1
0
0
1
0
0
0
1
0
0
0
0
0
1
0
1
0
1
0
1
0
1
0
0
0
0
1
1
1
1
1
0
0
1
1
0
0
0
0
0
0
0
1
0
1
0
1
0
1
0
0
1
1
1
1
0
0
1
1
1
1
1
1
1
1
1
0
0
0
1
0
1
0
1
1
1
0
1
1
1
1
0
1
0
1
1
0
2
4
3
3
1
2
0
2
2
5
5
8
10
11
13
13
14
15
17
17
19
19
20
21
23
24
26
27
28
29
31
32
34
35
36
38
40
42
44
46
48
50
51
54
56
59
61
64
67
69
71
74
74
77
77
79
81
83
84
85
87
89
91
91
94
96
98
99
100
98
99
99
99
99
99
99
99
99
100
98
99
97
95
95
94
92
92
92
90
90
89
88
88
88
87
88
88
87
84
85
82
83
82
85
86
86
86
85
85
84
83
82
80
79
77
76
74
74
71
70
70
67
67
64
64
61
61
59
56
53
50
48
46
43
41
38
36
33
31
29
25
23
21
18
14
13
11
12
10
10
9
10
8
7
5
3
1
1
0
1
1
0
0
0
1
1
1
1
1
0
1
0
1
0
1
0
1
1
1
1
0
1
1
1
1
1
0
1
0
1
0
1
0
1
0
1
0
1
0
0
0
0
0
0
