0
0
0
0
0
0
0
0
0
0
0
0
0
0
0
0
0
0
0
0
0
0
0
0
0
0
0
0
0
0
0
0
0
0
0
0
0
0
0
0
0
0
0
0
0
0
0
0
0
0
0
1
0
0
1
0
0
1
0
0
0
1
0
0
0
0
0
0
0
1
0
0
1
0
0
0
0
0
0
0
0
0
1
0
1
0
0
0
0
0
1
0
0
1
0
0
0
0
0
0
1
0
0
0
0
0
0
0
0
1
0
1
0
1
1
0
0
1
1
0
0
0
1
0
0
0
1
0
1
0
0
0
1
0
1
0
1
1
0
0
1
0
0
0
1
1
0
1
1
1
0
1
0
0
0
0
0
1
0
0
0
1
1
1
0
0
1
0
0
0
1
1
1
1
1
1
1
0
1
0
1
0
1
0
0
1
1
1
1
1
1
1
1
1
1
1
1
1
0
1
1
2
1
1
0
0
0
1
1
3
5
6
7
9
9
9
10
9
11
11
12
14
15
16
17
17
19
19
21
22
23
24
25
26
27
27
28
28
30
31
33
36
37
39
41
44
46
48
50
53
55
58
60
63
63
66
68
70
73
75
74
72
71
71
70
72
74
74
74
73
73
71
72
71
72
70
70
68
69
67
67
65
64
63
61
60
59
58
56
54
53
50
48
47
46
44
41
40
37
35
32
30
28
28
27
26
25
25
25
25
24
24
24
23
23
22
20
19
18
16
16
13
11
8
7
4
5
2
3
1
1
0
0
1
1
0
1
1
1
0
1
1
0
1
0
1
0
1
0
1
0
1
1
1
1
2
1
1
1
1
1
1
1
1
1
1
1
0
1
0
1
0
0
0
1
1
1
1
0
1
1
1
0
1
0
1
0
0
0
0
0
0
0
0
0
0
0
1
0
1
1
1
