0
0
0
0
0
0
0
0
0
0
0
0
0
0
0
0
0
0
0
0
0
0
0
0
0
0
0
0
0
0
0
0
0
0
0
0
0
0
0
0
0
0
0
0
0
0
0
0
0
0
0
0
1
1
0
0
1
0
0
0
0
1
0
0
1
0
0
0
0
0
0
1
0
0
0
0
1
0
0
0
0
0
0
0
1
0
0
0
1
0
1
0
0
1
1
0
1
0
1
0
1
0
0
1
0
0
0
0
0
0
0
1
0
0
1
0
1
0
1
0
0
0
1
0
1
0
0
0
1
0
1
0
1
0
1
0
0
1
1
1
0
1
0
1
0
1
0
0
0
1
0
1
0
0
0
1
0
1
0
1
0
1
1
1
1
2
0
1
1
1
0
1
0
1
1
1
1
0
1
0
0
0
1
0
1
0
1
2
3
5
6
8
10
10
10
11
12
13
14
13
15
17
19
21
23
26
28
29
31
33
35
37
40
43
44
46
47
48
50
52
54
55
56
58
61
62
63
64
66
67
69
70
71
73
74
75
77
77
78
79
81
83
83
83
84
86
88
89
89
90
91
92
91
92
91
91
92
93
89
90
89
88
88
88
89
89
90
89
89
87
86
86
86
85
85
83
82
79
79
78
76
74
73
72
71
70
68
68
66
65
64
63
61
59
57
55
53
53
50
53
51
50
49
48
48
47
45
45
44
43
41
41
40
38
36
35
34
32
31
28
27
24
25
21
18
14
14
11
9
5
3
0
0
0
0
0
1
1
0
1
1
1
0
1
0
1
0
1
0
0
0
1
0
1
0
1
1
0
1
1
1
0
1
1
1
0
1
0
1
0
1
0
1
0
1
0
0
0
1
0
0
1
1
0
0
0
0
0
1
0
0
1
0
1
0
1
0
1
0
0
0
0
