0
0
0
0
0
0
0
0
0
0
0
0
0
0
0
0
0
0
0
0
0
0
0
0
0
0
0
0
0
0
0
0
0
0
0
0
0
0
0
0
0
0
0
0
0
0
0
0
0
0
0
0
0
0
0
1
0
0
0
0
0
0
0
0
0
0
0
0
0
0
0
0
0
0
1
0
0
0
0
0
1
0
0
0
1
0
1
0
1
0
0
1
0
0
1
0
1
0
1
0
0
0
1
1
0
0
0
0
0
0
0
0
0
1
1
0
1
0
0
0
0
1
1
1
0
0
1
1
1
0
1
0
1
0
0
0
1
1
1
1
1
1
0
0
0
0
0
1
1
1
0
1
0
1
0
0
0
1
0
1
0
0
1
1
1
2
1
1
0
1
1
1
1
1
1
1
1
0
1
0
1
0
0
0
0
1
1
0
1
1
2
4
6
7
7
10
11
13
13
15
14
15
14
17
15
17
18
20
22
25
25
27
30
31
32
33
33
35
37
38
40
42
44
44
46
47
49
51
52
54
55
56
58
59
60
61
63
64
65
66
67
69
69
70
70
71
71
72
73
76
76
77
77
77
77
78
76
77
76
77
76
75
75
74
74
73
71
69
67
66
66
62
60
56
54
51
49
45
44
41
40
38
36
33
32
29
27
25
23
20
18
15
12
9
7
3
0
1
0
0
0
1
0
1
1
1
1
1
1
0
1
0
0
0
0
1
1
0
0
0
0
0
1
0
0
0
0
0
0
1
1
0
1
1
1
1
1
1
0
1
0
0
0
0
0
1
0
0
0
1
1
1
1
1
1
1
1
1
1
1
1
1
1
1
1
0
0
0
0
0
1
0
1
0
1
0
0
1
0
0
1
0
0
0
1
0
0
1
1
1
0
0
0
0
0
0
0
0
0
1
1
1
