0
0
0
0
0
0
0
0
0
0
0
0
0
0
0
0
0
0
0
0
0
0
0
0
0
0
0
0
0
0
0
0
0
0
0
0
0
0
0
0
0
0
0
0
0
0
0
0
0
0
1
0
0
0
0
1
0
1
0
0
0
0
0
0
0
1
0
0
0
0
0
0
0
0
0
0
0
0
1
0
1
0
0
0
0
0
0
0
0
0
1
1
0
1
1
0
0
0
0
1
0
0
0
1
0
0
0
1
0
0
0
0
0
0
0
1
0
0
0
0
1
1
1
0
1
1
1
0
0
0
1
0
0
0
1
0
0
0
0
1
1
1
0
1
1
1
1
1
0
1
1
0
0
1
0
1
0
0
0
1
0
1
0
1
1
2
1
1
1
1
1
0
1
1
1
1
1
0
3
4
7
9
11
12
13
16
16
15
15
16
18
21
22
23
25
27
29
31
31
33
33
35
37
38
39
40
41
43
44
43
45
45
46
48
48
49
48
47
47
48
48
50
49
48
48
46
46
46
45
44
44
42
42
41
39
39
38
35
33
30
27
26
24
23
22
20
20
18
16
15
13
12
11
11
8
8
7
7
5
5
2
1
1
0
0
0
0
0
0
0
0
0
0
0
0
0
0
0
1
0
0
1
0
0
1
1
1
1
0
1
1
1
1
1
1
0
0
1
0
1
0
1
0
1
1
0
1
1
0
0
1
1
1
0
1
1
0
1
0
0
1
0
1
0
0
0
0
0
1
1
1
1
2
1
1
0
1
0
1
1
0
1
0
1
0
0
0
1
0
0
0
1
1
0
1
1
0
0
1
0
0
0
1
0
0
0
1
0
1
0
1
0
1
0
0
0
0
0
0
0
0
0
0
0
0
0
0
0
0
0
0
0
0
0
0
0
0
0
0
0
0
0
