0
0
0
0
0
0
0
0
0
0
0
0
0
0
0
0
0
0
0
0
0
0
0
0
0
0
0
0
0
0
0
0
0
0
0
0
0
0
0
0
0
0
0
0
0
0
0
0
0
0
0
1
0
0
1
0
1
0
0
0
0
0
0
0
1
0
1
0
0
0
0
0
1
0
1
0
0
0
0
0
0
0
0
0
1
0
1
0
1
0
0
0
1
0
0
0
0
1
1
1
1
1
1
1
0
1
0
1
0
1
0
0
1
1
1
1
1
1
0
0
1
0
0
1
1
1
1
0
0
0
0
0
1
0
1
0
0
1
0
1
0
0
1
0
1
0
1
0
0
0
0
1
0
1
0
0
0
0
0
1
0
0
1
1
0
0
1
0
1
1
1
0
1
1
1
0
1
0
1
0
1
0
0
0
1
0
1
1
1
1
0
1
1
1
1
1
0
2
3
4
3
2
1
1
1
3
4
7
8
10
12
13
14
16
16
17
18
19
20
21
23
25
26
27
29
30
33
34
36
38
40
41
43
45
46
48
49
51
53
55
56
57
59
60
62
65
68
70
72
75
77
80
82
85
86
89
91
92
94
96
95
95
97
95
96
95
94
94
94
94
96
94
93
91
92
89
89
85
85
84
84
82
80
79
79
77
76
76
75
74
73
73
71
69
67
66
63
61
59
58
55
54
52
51
49
48
46
45
44
43
40
40
39
38
37
35
34
32
30
26
25
22
21
18
17
14
13
11
10
9
8
6
6
4
2
1
1
0
0
1
1
1
0
1
0
1
0
1
0
1
1
1
1
1
1
1
1
0
1
1
1
1
1
0
0
0
0
0
0
0
0
0
1
0
0
1
1
1
1
1
0
0
0
0
0
0
0
0
0
0
0
0
0
0
0
0
0
0
0
0
0
0
