0
0
0
0
0
0
0
0
0
0
0
0
0
0
0
0
0
0
0
0
0
0
0
0
0
0
1
0
0
0
1
0
0
0
1
0
0
0
1
0
0
0
1
0
0
1
1
0
0
1
1
0
1
0
1
0
0
1
0
1
0
1
0
0
0
1
0
1
0
0
0
0
0
0
1
0
0
0
0
0
1
0
1
0
1
0
1
0
1
0
0
0
1
0
1
0
0
0
1
0
0
1
0
0
0
0
0
0
0
0
0
0
1
1
1
0
1
1
1
1
1
0
1
0
0
0
0
0
1
0
1
0
1
0
1
0
1
0
1
0
0
0
1
0
0
1
1
1
0
1
0
0
0
0
0
1
0
0
0
1
0
1
0
1
0
1
1
1
0
1
1
1
1
1
1
0
1
0
0
0
0
0
0
0
0
1
1
0
0
1
0
0
0
0
0
1
0
1
0
1
3
4
2
3
1
0
1
3
3
5
7
8
10
12
12
12
14
13
14
14
15
17
18
19
22
23
24
25
26
28
29
30
31
33
34
36
37
40
41
43
44
46
48
51
53
56
59
61
63
66
68
71
72
75
77
80
83
85
86
88
88
88
88
87
86
85
84
85
87
87
87
85
86
84
85
83
82
80
81
79
78
76
75
73
73
72
70
69
69
68
66
66
65
64
63
60
57
57
55
53
51
50
48
47
45
43
40
38
36
35
34
32
31
30
29
27
26
25
23
21
20
19
18
13
12
9
9
6
5
4
3
1
1
1
0
0
1
0
1
0
1
1
0
1
0
1
0
1
0
0
0
1
0
1
0
1
1
1
0
0
0
0
1
0
1
0
1
0
0
0
1
0
0
0
0
1
0
1
0
1
0
0
0
0
0
0
0
0
0
0
0
0
0
0
0
0
0
0
0
0
0
0
