0
0
0
0
0
0
0
0
0
0
0
0
0
0
0
0
0
0
0
0
0
0
0
0
0
0
0
0
0
0
0
0
0
0
1
0
0
0
1
0
0
0
1
0
0
1
1
0
0
1
1
0
1
0
0
1
0
1
0
1
0
0
0
0
0
1
0
0
0
0
0
0
1
0
0
0
0
0
0
0
0
0
1
0
1
0
0
0
0
0
1
1
0
0
1
0
0
0
0
0
0
1
0
1
0
0
0
0
0
1
0
1
0
1
0
0
0
1
1
0
1
0
0
0
0
0
0
1
1
0
1
0
0
0
1
0
1
0
1
1
1
0
0
1
1
1
1
1
0
0
1
1
0
1
0
0
0
0
0
0
0
0
1
0
1
1
1
0
1
1
1
1
0
0
1
1
1
0
1
0
1
0
1
0
0
0
0
1
1
0
0
1
2
3
5
6
7
8
10
13
14
16
16
19
20
21
22
25
26
27
30
32
34
37
39
40
43
44
47
48
49
51
53
54
56
58
59
61
63
64
66
68
69
71
72
74
75
77
78
79
79
81
81
83
83
85
87
87
88
90
90
93
94
96
96
98
99
100
99
100
98
98
99
98
98
97
96
96
96
95
94
90
92
93
91
87
84
81
79
76
75
73
70
67
66
64
63
62
60
59
57
55
55
55
53
51
48
47
43
42
39
38
36
36
35
33
30
28
24
24
22
20
17
16
15
13
12
12
9
6
5
1
1
0
0
0
1
0
0
1
0
1
1
0
0
0
0
0
1
0
1
1
0
1
0
0
0
1
0
1
1
0
1
0
1
0
1
0
0
0
0
0
1
0
0
0
0
0
0
0
1
0
0
0
1
1
0
0
1
0
0
1
0
1
1
1
0
0
0
0
0
0
0
0
0
0
0
0
0
0
0
0
