0
0
0
0
0
0
0
0
0
0
0
0
0
0
0
0
0
0
0
0
0
0
0
0
0
0
0
0
0
0
0
0
0
0
0
0
0
0
0
0
0
0
0
0
0
0
0
0
0
0
0
0
0
0
0
1
0
1
0
0
0
0
0
0
0
1
0
0
1
1
0
0
1
0
0
0
1
0
0
0
0
0
0
0
0
0
0
0
0
0
1
0
1
0
1
0
0
1
1
1
0
0
0
0
0
0
0
1
0
1
0
1
0
1
1
1
0
2
0
0
0
0
1
0
0
0
0
0
1
0
1
0
1
0
1
0
0
1
1
0
0
1
0
1
1
0
1
1
0
0
0
1
0
1
0
1
0
1
0
0
1
1
1
1
1
1
1
1
1
0
1
0
0
1
1
0
1
0
1
0
1
0
1
0
1
1
1
1
2
3
5
6
7
10
10
11
13
14
14
15
16
17
18
21
22
24
23
22
22
24
26
28
30
31
30
30
32
32
32
33
35
36
38
39
41
42
43
44
46
46
48
49
50
52
54
55
55
56
56
57
58
59
60
60
59
61
60
60
59
61
59
59
58
59
60
58
58
58
54
57
56
55
58
58
59
58
58
56
56
56
55
53
52
51
50
48
48
47
46
45
45
43
42
38
37
35
30
27
24
21
19
19
20
20
19
17
14
15
11
11
8
8
5
4
1
1
1
1
1
0
1
0
1
0
1
1
1
1
0
0
0
0
1
0
0
0
1
0
0
0
0
0
0
0
1
0
0
0
0
0
0
1
0
1
0
0
0
0
0
1
0
1
1
0
1
1
1
0
1
1
1
1
0
0
0
0
1
0
0
0
1
0
1
0
1
1
0
0
1
1
0
1
1
1
0
0
1
0
0
0
0
1
0
1
0
0
0
0
0
1
1
1
