0
0
0
0
0
0
0
0
0
0
0
0
0
0
0
0
0
0
0
0
0
0
0
0
0
0
0
0
0
0
0
0
0
0
0
0
0
0
0
0
0
0
0
0
0
0
0
0
0
0
0
0
1
0
0
1
0
0
0
0
0
0
0
0
0
1
0
0
0
0
1
0
1
0
0
0
0
0
0
0
0
0
0
0
0
0
1
0
0
0
0
0
1
0
0
0
0
1
0
1
0
0
1
1
0
0
0
1
0
1
0
1
0
1
0
0
0
0
0
1
0
0
0
1
0
0
0
1
1
0
1
0
1
0
0
0
1
1
1
0
0
0
1
1
0
1
0
0
0
1
1
1
0
1
0
1
0
1
0
1
0
1
1
1
1
1
1
1
1
1
1
0
1
1
1
1
1
0
2
2
1
0
1
0
1
2
2
4
5
6
6
9
9
11
12
15
17
16
17
19
21
24
26
28
29
32
34
37
36
37
39
40
42
45
45
46
49
50
52
52
55
57
58
60
62
63
64
66
68
70
72
73
75
76
78
78
79
79
80
80
81
83
84
86
86
88
90
89
89
89
88
88
89
90
89
89
89
88
88
89
88
88
88
87
86
86
84
81
80
76
74
70
69
67
68
66
64
61
59
57
56
53
51
48
47
45
44
43
42
40
40
38
36
35
32
29
26
26
23
23
20
20
16
16
14
12
11
11
7
4
0
0
1
0
0
0
1
1
1
0
0
0
1
0
1
0
1
0
0
1
0
1
2
0
0
1
0
1
1
1
1
1
0
1
0
1
0
0
0
1
0
1
1
1
1
1
0
0
1
0
1
0
1
0
1
0
0
0
0
0
1
0
0
0
0
1
0
1
0
0
0
0
0
1
0
0
0
1
0
0
0
0
0
0
0
0
0
0
0
0
0
0
