0
0
0
0
0
0
0
0
0
0
0
0
0
0
0
0
0
0
0
0
0
0
0
0
0
0
0
0
0
0
0
0
0
0
0
0
0
0
0
0
0
0
0
0
0
0
0
0
0
0
0
0
0
0
0
1
0
0
0
0
0
0
0
1
0
0
0
0
0
1
1
0
0
1
1
1
0
1
1
0
0
0
1
0
1
0
1
0
0
0
0
0
0
1
1
0
1
1
0
0
1
0
0
1
0
0
0
0
0
0
0
1
0
1
1
0
0
0
0
1
1
0
0
1
1
0
1
0
1
0
0
0
0
0
1
0
0
1
1
1
0
1
0
0
1
1
0
0
1
1
0
1
0
1
0
1
0
1
0
1
0
1
1
0
1
1
1
0
1
0
1
0
1
0
1
1
1
0
1
0
1
0
1
0
0
2
3
5
6
9
8
11
13
16
18
19
21
22
24
27
29
32
33
35
37
39
40
43
44
46
49
50
52
54
55
56
59
60
62
63
65
67
69
70
72
73
74
76
78
78
80
81
82
84
84
86
87
88
87
88
88
89
89
90
91
93
92
93
91
93
93
92
91
92
91
89
90
90
88
88
88
88
88
86
86
87
87
85
84
82
81
79
77
75
75
72
72
70
69
67
67
66
64
62
61
58
55
54
51
51
50
49
45
44
42
40
39
40
41
41
39
39
38
37
36
36
35
34
33
32
30
29
27
26
23
22
20
19
17
14
12
9
8
5
2
0
0
0
0
0
0
0
0
0
0
0
0
0
0
1
1
1
0
1
0
1
0
0
0
1
0
1
0
1
1
1
1
0
1
1
0
0
0
1
1
1
0
0
1
0
0
0
0
0
0
1
0
1
0
1
0
1
0
1
1
0
1
1
0
0
0
0
0
1
0
0
0
1
0
1
1
1
