0
0
0
0
0
0
0
0
0
0
0
0
0
0
0
0
0
0
0
0
0
0
0
0
0
0
0
0
0
0
0
0
0
0
0
0
0
0
0
0
0
0
0
0
0
0
0
0
0
0
0
0
1
1
0
1
0
0
0
1
0
1
0
0
0
0
0
0
0
0
0
1
0
0
0
0
0
0
0
0
0
0
0
0
0
0
0
0
0
0
0
1
1
1
2
0
0
0
0
0
0
1
0
1
0
0
0
1
0
0
0
1
0
0
0
0
0
1
0
1
0
0
1
1
1
0
1
1
1
0
1
0
1
0
1
0
1
1
1
1
1
0
0
0
0
1
1
1
1
1
1
1
0
1
0
1
0
1
0
1
1
1
1
0
1
0
0
0
1
1
1
1
0
1
1
0
1
0
1
0
1
0
0
0
1
3
4
5
7
7
9
9
11
11
12
12
12
13
12
14
16
18
19
21
23
24
25
28
28
31
33
34
37
38
39
39
40
42
44
45
47
49
51
52
54
52
53
55
55
55
57
57
58
58
58
60
59
59
59
60
59
60
59
60
59
59
57
56
54
55
53
53
53
53
53
54
52
51
50
49
48
45
42
40
39
37
36
34
32
30
29
27
26
23
21
18
18
15
14
11
8
3
2
1
1
0
0
0
0
1
1
1
0
1
1
0
0
1
0
1
0
1
0
1
1
1
1
1
1
0
0
0
1
0
1
0
0
0
0
0
1
0
0
0
0
0
0
0
0
1
0
0
2
0
0
1
0
1
0
1
1
1
0
1
0
1
0
1
0
0
0
1
1
1
1
0
1
0
1
1
1
0
1
0
1
0
1
0
1
0
0
0
0
0
1
0
0
1
0
1
0
1
0
1
0
0
0
1
0
1
0
0
0
1
0
1
0
0
0
0
0
0
