0
0
0
0
0
0
0
0
0
0
0
0
0
0
0
0
0
0
0
0
0
0
0
0
0
0
0
0
0
0
0
0
0
0
0
0
0
0
0
0
0
0
0
0
0
0
0
0
0
1
1
0
1
1
0
0
1
0
0
0
0
1
0
1
1
0
0
1
0
0
0
0
0
0
1
0
0
0
1
0
0
0
0
0
1
0
1
0
0
0
0
0
1
0
1
0
0
1
0
0
0
0
0
1
0
0
0
0
0
1
0
0
0
0
0
0
0
0
1
0
1
0
1
0
0
0
0
0
1
0
1
0
1
0
0
0
1
0
0
1
0
1
1
0
1
0
0
0
0
0
0
1
0
0
0
1
0
1
0
0
1
1
1
0
0
0
1
0
0
1
1
0
1
1
1
1
1
0
1
0
1
0
1
0
1
1
2
1
1
1
1
1
0
2
2
5
5
7
6
7
7
8
9
11
12
15
16
19
19
21
23
24
27
30
32
34
36
37
39
39
41
42
44
46
48
49
50
52
54
55
57
59
61
63
64
66
67
69
70
71
73
75
76
77
77
79
81
83
85
88
89
92
94
96
97
97
99
99
97
98
99
98
98
99
98
96
96
94
93
93
94
91
91
88
87
85
83
80
79
77
76
74
73
71
70
68
68
67
66
65
63
63
60
59
58
56
55
53
50
50
47
46
44
44
42
40
38
35
32
30
29
28
27
25
23
22
21
20
19
16
13
7
4
1
1
0
0
0
0
1
1
0
1
1
0
1
0
1
1
1
0
1
0
0
0
1
0
0
0
1
1
1
1
1
1
1
1
1
1
0
1
1
0
0
1
1
1
0
0
0
0
0
0
0
0
0
0
0
0
0
0
0
0
0
0
1
0
0
0
0
0
0
0
0
0
0
0
0
0
0
0
0
