0
0
0
0
0
0
0
0
0
0
0
0
0
0
0
0
0
0
0
0
0
0
0
0
0
0
0
0
0
0
1
0
0
0
0
0
0
0
0
0
0
0
0
0
0
0
0
0
0
0
0
0
1
1
0
0
1
0
0
1
0
0
0
0
0
0
0
0
0
0
0
0
0
0
0
0
0
0
0
0
0
0
0
0
0
0
1
0
1
0
1
0
0
1
0
1
0
0
0
1
0
0
0
0
0
0
0
0
0
1
0
1
0
1
0
1
0
0
1
0
1
0
0
1
1
1
0
1
1
0
0
0
0
0
1
0
1
1
1
0
0
1
0
0
0
1
0
0
0
0
1
1
0
1
0
1
0
1
0
1
0
1
1
0
0
1
0
0
1
0
1
1
0
0
1
1
1
0
1
0
1
0
1
0
1
1
0
0
1
0
0
0
0
1
0
1
0
1
0
2
2
4
2
2
0
1
0
1
1
3
4
6
7
9
10
12
13
13
15
17
17
19
21
23
24
25
27
29
30
31
33
34
35
36
37
39
39
41
42
44
45
47
49
52
54
57
60
61
62
64
66
69
71
74
76
79
82
83
84
86
86
86
86
85
84
84
85
87
88
87
87
85
85
83
82
80
80
78
78
75
76
75
73
71
70
69
67
66
65
65
64
64
62
61
58
56
53
52
50
49
45
45
42
41
39
38
34
32
30
29
28
26
25
24
23
22
21
19
18
15
14
11
12
9
9
6
3
1
0
0
0
0
1
0
1
0
1
1
0
0
1
1
0
1
0
1
0
0
0
0
0
0
0
1
1
2
1
0
1
1
1
1
1
0
0
0
0
0
0
0
0
0
1
0
0
0
1
0
1
1
0
0
0
0
0
0
0
0
0
0
0
0
0
0
0
0
0
0
0
0
0
0
