0
0
0
0
0
0
0
0
0
0
0
0
0
0
0
0
0
0
0
0
0
0
1
0
0
0
1
0
0
0
1
0
0
0
1
0
0
0
1
0
0
0
1
0
0
1
1
0
0
1
1
0
1
0
0
0
0
0
0
0
0
1
0
0
1
0
0
1
0
0
1
0
1
0
1
0
0
0
0
0
1
0
0
0
0
0
1
0
0
0
1
1
1
1
1
1
0
1
1
1
1
0
1
0
0
0
0
0
0
0
0
1
0
1
0
1
0
1
0
0
1
0
1
0
1
0
1
1
1
0
1
0
1
0
1
0
1
1
0
0
1
1
0
0
0
0
1
0
0
1
0
1
0
0
0
1
0
0
0
0
0
0
1
1
1
0
0
0
1
1
0
1
1
1
0
1
1
0
1
0
1
0
1
0
1
1
1
0
0
0
1
0
1
1
1
0
1
0
1
0
0
1
0
1
0
1
0
1
0
1
0
1
1
2
4
5
5
4
4
3
3
3
4
4
6
7
8
8
9
10
11
11
13
16
16
19
20
23
23
26
27
30
32
35
37
40
43
45
47
50
52
55
56
59
61
64
67
69
72
74
77
79
82
84
87
89
92
94
97
99
100
99
99
99
100
99
100
99
100
99
99
100
100
99
99
99
99
100
98
99
99
98
98
99
98
98
97
97
96
97
96
95
93
93
93
90
91
91
90
88
87
85
83
82
80
78
77
76
74
72
72
71
71
68
68
67
67
64
64
61
59
56
54
50
49
45
43
40
39
36
34
31
28
26
22
21
18
16
14
14
10
9
8
6
4
1
0
0
1
0
1
0
1
1
0
1
0
0
0
0
1
0
0
0
1
1
1
1
0
1
1
0
1
1
0
0
1
1
1
1
0
1
0
1
0
0
0
0
0
1
1
1
