3900.000000
3900.000000
3910.000000
3920.000000
3930.000000
3940.000000
3950.000000
3960.000000
3970.000000
3980.000000
3990.000000
4000.000000
4010.000000
4020.000000
4030.000000
4040.000000
4050.000000
4060.000000
4070.000000
4080.000000
4090.000000
4100.000000
4100.000000
4100.000000
4090.000000
4080.000000
4070.000000
4060.000000
4050.000000
4040.000000
4030.000000
4020.000000
4010.000000
4000.000000
3990.000000
3980.000000
3970.000000
3960.000000
3950.000000
3940.000000
3930.000000
3920.000000
3910.000000
3900.000000
3900.000000
3900.000000
3910.000000
3920.000000
3930.000000
3940.000000
3950.000000
3960.000000
3970.000000
3980.000000
3990.000000
4000.000000
4010.000000
4020.000000
4030.000000
4040.000000
4050.000000
4060.000000
4070.000000
4080.000000
4090.000000
4100.000000
4100.000000
4100.000000
4090.000000
4080.000000
4070.000000
4060.000000
4050.000000
4040.000000
4030.000000
4020.000000
4010.000000
4000.000000
3990.000000
3980.000000
3970.000000
3960.000000
3950.000000
3940.000000
3930.000000
3920.000000
3910.000000
3900.000000
3900.000000
3900.000000
3910.000000
3920.000000
3930.000000
3940.000000
3950.000000
3960.000000
3970.000000
3980.000000
3990.000000
4000.000000
4010.000000
4020.000000
4030.000000
4040.000000
4050.000000
4060.000000
4070.000000
4080.000000
4090.000000
4100.000000
4100.000000
4100.000000
4090.000000
4080.000000
4070.000000
4060.000000
4050.000000
4040.000000
4030.000000
4020.000000
4010.000000
4000.000000
3990.000000
3980.000000
3970.000000
3960.000000
3950.000000
3940.000000
3930.000000
3920.000000
3910.000000
3900.000000
3900.000000
3900.000000
3910.000000
3920.000000
3930.000000
3940.000000
3950.000000
3960.000000
3970.000000
3980.000000
3990.000000
4000.000000
4010.000000
4020.000000
4030.000000
4040.000000
4050.000000
4060.000000
4070.000000
4080.000000
4090.000000
4100.000000
4100.000000
4100.000000
4090.000000
4080.000000
4070.000000
4060.000000
4050.000000
4040.000000
4030.000000
4020.000000
4010.000000
4000.000000
4000.000000
3980.000000
3970.000000
3960.000000
3950.000000
3940.000000
3930.000000
3920.000000
3910.000000
3900.000000
3900.000000
3900.000000
3910.000000
3920.000000
3930.000000
3940.000000
3950.000000
3960.000000
3970.000000
3980.000000
3990.000000
4000.000000
4010.000000
4020.000000
4030.000000
4040.000000
4050.000000
4060.000000
4070.000000
4080.000000
4090.000000
4100.000000
4100.000000
4100.000000
4090.000000
4080.000000
4070.000000
4060.000000
4050.000000
4040.000000
4030.000000
4020.000000
4010.000000
4000.000000
3990.000000
3980.000000
3970.000000
3960.000000
3950.000000
3940.000000
3930.000000
3920.000000
3910.000000
3910.000000
3900.000000
3900.000000
