0.000000
0.000000
30.000000
50.176470
89.960070
108.147541
147.933811
166.118106
205.908613
224.087892
263.884140
282.056635
321.860044
340.024081
379.835964
419.653678
440.585586
480.000000
498.552664
538.392486
556.518045
596.369960
614.481539
654.346142
672.442990
712.320687
730.402286
770.293285
810.000000
830.978865
870.000000
888.937118
928.863023
946.893000
986.831275
1004.846524
1044.796464
1062.797752
1102.758474
1120.746787
1160.717245
1200.000000
1221.333413
1260.000000
1279.280076
1319.270292
1337.224682
1377.219673
1395.167456
1435.165651
1453.108647
1493.108426
1511.048525
1551.048245
1590.000000
1611.628933
1650.000000
1669.565469
1709.557125
1723.739300
1758.585409
1781.715879
1816.560666
1839.692137
1874.535516
1897.668296
1932.510192
1955.644553
1990.484901
2030.427988
2056.260274
2091.096020
2114.233031
2149.067021
2164.410830
2204.315998
2222.387091
2262.278949
2280.363900
2320.242447
2340.000000
2378.206669
2418.064205
2438.929350
2478.773976
2496.903502
2536.736478
2554.878090
2594.700292
2612.852981
2652.665444
2670.828004
2710.631911
2730.000000
2768.599618
2808.392533
2829.365938
2869.153741
2887.338418
2927.122915
2945.310543
2985.093327
3003.282059
3043.064748
3061.252707
3101.036920
3120.000000
3159.009562
3198.799626
3219.776849
3259.572773
3277.744844
3317.547857
3335.711389
3375.522810
3393.676263
3433.497290
3451.639273
3491.470959
3510.000000
3549.443500
3589.294265
3610.163319
3650.027267
3668.123329
3708.000353
3726.081153
3765.971472
3784.036742
3823.940377
3841.990091
3881.906862
3900.000000
3939.870772
3960.000000
3997.831997
4037.780887
4058.469009
4098.429204
4116.416929
4156.386917
4174.362932
4214.341527
4232.307218
4272.293101
4290.250015
4330.241755
4350.000000
4388.187654
4428.185614
4448.775366
4488.775101
4506.715197
4546.714953
4564.654187
4604.652262
4622.592621
4662.587382
4680.000000
4712.833037
4742.538200
4773.479783
4813.459343
4831.457776
4871.428883
4890.000000
4929.396743
4950.000000
4987.365159
5017.095879
5048.033857
5075.071709
5106.009269
5130.000000
5161.266951
5201.172755
5221.961552
5261.853478
5280.000000
5319.817120
5340.000000
5377.781484
5400.000000
5435.746702
5460.000000
5493.712857
5520.000000
5551.679985
5591.502698
5612.428297
5652.240806
5670.403416
5710.207362
5730.000000
5768.175143
5790.000000
5826.144032
5850.000000
5884.113869
5910.000000
5942.084461
5970.000000
6000.055584
6039.838257
6060.828347
6100.612547
6120.000000
6158.585150
6180.000000
6216.557907
6240.000000
6274.530514
6300.000000
6332.502664
6360.000000
6390.474056
6430.294607
6451.214422
6491.046052
6510.000000
6549.018463
6570.000000
6606.989442
6630.000000
6664.958722
6690.000000
6722.926071
6750.000000
6780.891297
6820.794310
6841.564336
6881.481042
6900.000000
6939.444814
6960.000000
6997.405909
7020.000000
7055.364271
7080.000000
7113.319897
7140.000000
7171.272832
7211.251055
7231.880714
7271.866564
7290.000000
7329.815160
7350.000000
7387.761017
7410.000000
7445.704341
7470.000000
7503.645372
7530.000000
7561.584382
7601.582638
7622.166001
7662.160930
7680.000000
7712.406022
7740.000000
7770.000000
7797.415106
7828.353884
7855.388055
7886.326053
7913.360400
7944.296882
7980.000000
8002.268379
8040.000000
8070.000000
8102.872797
8130.000000
8160.000000
8187.876628
8218.809201
8245.844887
8276.777040
8303.813672
8334.745466
8361.783088
8392.714574
8419.753197
8450.684414
8477.724017
8508.654989
8535.695520
8566.626260
8593.667634
8624.598144
8664.409201
8700.000000
8725.161610
8760.000000
8783.132277
8822.923954
8850.000000
8868.146382
8907.931956
8926.117988
8965.901236
8999.631237
9026.674189
9057.602623
9084.645587
9115.574089
9142.616846
9173.545360
9200.587688
9231.516151
9258.557834
9289.486182
9316.527010
9347.455181
9374.494955
9405.422888
9432.461428
9463.389066
9490.426212
9521.353505
9548.389120
9579.316025
9606.349999
9637.276484
9664.308737
9695.234779
9722.265261
9753.190849
9780.219543
9811.144678
9840.000000
9870.000000
9900.000000
9930.000000
9960.000000
9990.000000
10020.000000
10051.967911
10085.571623
10112.593331
10143.518107
10170.538465
10201.462830
10230.000000
10260.000000
10290.000000
10320.000000
10350.000000
10380.000000
10410.000000
10442.304387
10475.872074
10502.888536
10533.811469
10573.810662
10591.750246
10631.747045
10650.000000
10689.681495
10710.000000
10740.000000
10770.000000
10800.000000
10836.668164
10862.478527
10890.000000
10917.767833
10957.724545
10980.000000
11018.377865
11055.913917
11095.843805
11100.000000
11126.515445
11160.000000
11184.484464
11224.384968
11250.000000
11285.072394
11310.000000
11343.038326
11370.000000
11401.004996
11430.000000
11458.972484
11490.000000
11516.940783
11550.000000
11574.909715
11614.728331
11640.000000
11675.472029
11700.000000
11733.440320
11760.000000
11791.409572
11820.000000
11849.379630
11889.165991
11910.151419
11949.934979
11970.000000
12000.000000
12000.000000
11964.122700
11940.000000
11906.150898
11880.000000
11848.178926
11820.000000
11790.207073
11760.000000
11732.235629
11700.000000
11674.264735
11640.000000
11616.294713
11576.475376
11550.000000
11515.725910
11490.000000
11457.755554
11430.000000
11400.000000
11400.000000
11371.817280
11331.948650
11292.073847
11252.189121
11225.891286
11185.989831
11160.000000
11125.305466
11100.000000
11067.343888
11040.000000
11009.384876
10980.000000
10951.428449
10920.000000
10920.000000
10880.829342
10840.860347
10800.884351
10770.000000
10734.931362
10710.000000
10676.983706
10650.000000
10619.038197
10590.000000
10561.095390
10530.000000
10491.455199
10470.000000
10433.475309
10393.477125
10361.113598
10321.119481
10290.000000
10260.478748
10229.540033
10200.000000
10171.567099
10140.000000
10113.594914
10080.000000
10055.623210
10020.000000
9997.651736
9960.000000
9930.000000
9897.047357
9870.000000
9839.080094
9810.000000
9781.110997
9754.075324
9723.143185
9696.106567
9665.174786
9638.137178
9607.205705
9580.167095
9549.235891
9522.196300
9491.265340
9464.224821
9433.294091
9406.252727
9375.322228
9348.280130
9317.349870
9290.307177
9259.377177
9232.334048
9201.404337
9174.360951
9143.431566
9116.388118
9085.459101
9058.415795
9027.487191
9000.000000
8969.516095
8940.000000
8910.000000
8880.000000
8850.000000
8820.000000
8786.744423
8746.947902
8707.149694
8667.841390
8640.000000
8609.870143
8580.000000
8551.899723
8520.000000
8509.494117
8469.655399
8451.531185
8411.680442
8371.821950
8340.000000
8310.000000
8280.000000
8250.385293
8220.000000
8192.421648
8161.491859
8134.460330
8103.531088
8076.501423
8045.572775
8018.544966
7987.616946
7960.590950
7929.663577
7902.639317
7871.712599
7844.689968
7813.763896
7786.742760
7746.759504
7713.175511
7686.155304
7655.229874
7628.210992
7597.286375
7590.000000
7561.583572
7521.583821
7481.583868
7441.584275
7410.000000
7372.950781
7350.000000
7314.974741
7290.000000
7257.000217
7230.000000
7199.026918
7159.051187
7138.374122
7098.407838
7080.000000
7040.440057
7020.000000
6982.473682
6960.000000
6924.506019
6894.762540
6863.825376
6836.786404
6805.849638
6765.951230
6750.000000
6735.256903
6695.372928
6655.499605
6630.000000
6592.060311
6570.000000
6534.095002
6510.000000
6476.128707
6450.000000
6418.161411
6390.000000
6360.193141
6320.384798
6299.434907
6259.634859
6240.000000
6201.666690
6180.000000
6143.697442
6120.000000
6085.727290
6060.000000
6027.756443
6000.000000
5969.785136
5930.001920
5909.013089
5869.227484
5850.000000
5811.254633
5790.000000
5753.281733
5730.000000
5695.309093
5670.000000
5637.337022
5610.000000
5579.365818
5539.539937
5518.629736
5478.792271
5460.000000
5420.820173
5400.000000
5362.849627
5340.000000
5304.880889
5280.000000
5274.184261
5234.293438
5194.395244
5154.486605
5128.282215
5088.358891
5070.000000
5030.396076
5010.000000
4972.435995
4950.000000
4914.478682
4890.000000
4856.524122
4830.000000
4798.572251
4758.590079
4737.968105
4697.979057
4680.000000
4640.031715
4606.541318
4566.543174
4548.559129
4508.559366
4490.578140
4455.728092
4432.598110
4397.748766
4374.618795
4339.770278
4299.778083
4273.981381
4239.135461
4216.005201
4181.160645
4158.029423
4123.186312
4100.053818
4065.212223
4042.078180
4007.238162
3984.102329
3949.263938
3909.333294
3883.491462
3848.657850
3833.314424
3793.409610
3775.338939
3735.447437
3717.362908
3677.484715
3659.386338
3619.521251
3600.000000
3561.556903
3521.712067
3500.825871
3460.993196
3442.851924
3403.029996
3384.877615
3345.065394
3326.903103
3287.099404
3268.928580
3229.132094
3210.000000
3171.163574
3131.375685
3110.393833
3070.609402
3052.421829
3012.639066
2994.450337
2954.667625
2936.479615
2896.695336
2878.509926
2838.722483
2820.000000
2780.749366
2740.953533
2719.986491
2680.183269
2662.019472
2622.207808
2604.054050
2564.232750
2546.090428
2506.258442
2488.128775
2448.285212
2430.000000
2390.313368
2370.000000
2332.343189
2292.466368
2271.645266
2231.754590
2213.688899
2173.784909
2155.734780
2115.817662
2097.782880
2057.853016
2039.833126
1999.891093
1980.000000
1941.931960
1901.971918
1881.304900
1841.334665
1823.358379
1783.379571
1765.413652
1725.427595
1707.470499
1667.478625
1649.528672
1609.532278
1579.929979
1539.930869
1500.000000
1479.284822
1440.000000
1421.305158
1381.307425
1363.326691
1323.332466
1305.349162
1265.360005
1247.372317
1207.389710
1189.395909
1149.421231
1110.000000
1088.770956
1050.000000
1030.798379
990.850540
972.825862
932.889839
914.853205
874.929668
856.880246
816.969675
798.906858
759.009537
720.000000
698.313292
660.000000
640.343157
600.480957
582.372350
542.522741
524.400864
484.563214
466.428737
426.602239
408.456049
368.639729
350.482921
310.675654
270.873350
249.918635
210.123577
191.947258
152.157660
133.975579
94.189923
76.003815
36.220526
0.000000
