-100.000000
-100.000000
-100.000000
-100.000000
-79.816170
-70.000000
-70.000000
-50.234728
-40.000000
-40.000000
-40.000000
-40.000000
-40.000000
-40.000000
-40.000000
-20.235244
19.764756
40.000000
54.610529
70.000000
70.000000
70.000000
70.000000
70.000000
70.000000
70.000000
70.000000
70.000000
70.000000
70.000000
49.576642
20.000000
20.000000
20.000000
20.000000
20.000000
20.000000
20.000000
20.000000
-3.501723
-43.501723
-80.000000
-90.000000
-90.000000
-90.000000
-90.000000
-90.000000
-80.000000
-80.000000
-60.000000
-60.000000
-60.000000
-38.255782
-20.000000
-20.000000
-20.000000
2.249674
10.000000
30.000000
30.000000
30.000000
51.879719
70.000000
70.000000
70.000000
70.000000
70.000000
70.000000
83.849503
90.000000
90.000000
69.395742
60.000000
60.000000
60.000000
60.000000
41.540148
3.063327
0.000000
0.000000
0.000000
0.000000
0.000000
0.000000
0.000000
0.000000
0.000000
-21.812047
-61.812047
-100.000000
-100.000000
-100.000000
-100.000000
-100.000000
-100.000000
-100.000000
-100.000000
-100.000000
-100.000000
-100.000000
-100.000000
-76.596985
-37.141228
2.491864
40.000000
40.000000
40.000000
40.000000
58.857334
90.000000
90.000000
90.000000
90.000000
90.000000
90.000000
90.000000
90.000000
90.000000
90.000000
90.000000
90.000000
90.000000
90.000000
90.000000
90.000000
73.430073
33.772070
-5.696105
-45.164281
-50.000000
-50.000000
-50.000000
-50.000000
-50.000000
-50.000000
-50.000000
-63.999746
-70.000000
-70.000000
-70.000000
-70.000000
-70.000000
-70.000000
-70.000000
-70.000000
-70.000000
-46.870647
-7.079462
32.450090
40.000000
40.000000
40.000000
40.000000
40.000000
40.000000
61.608923
99.556255
100.000000
100.000000
100.000000
79.105604
50.000000
50.000000
50.000000
50.000000
50.000000
50.000000
26.102301
-13.495679
-20.000000
-20.000000
-20.000000
-20.000000
-44.660356
-83.374479
-90.000000
-90.000000
-90.000000
-90.000000
-80.650021
-80.000000
-80.000000
-60.884072
-50.000000
-50.000000
-50.000000
-50.000000
-29.793172
0.000000
0.000000
0.000000
0.000000
0.000000
18.192812
58.192812
60.000000
60.000000
60.000000
81.813166
100.000000
100.000000
100.000000
86.353127
60.000000
60.000000
40.000000
30.000000
30.000000
30.000000
30.000000
30.000000
30.000000
6.631356
-30.000000
-47.795568
-50.000000
-70.000000
-70.000000
-70.000000
-70.000000
-70.000000
-100.000000
