-100.000000
-100.000000
-91.934050
-80.000000
-70.000000
-60.000000
-50.000000
-40.000000
-30.000000
-20.000000
-10.000000
0.000000
8.254299
19.956496
30.000000
40.000000
50.000000
60.000000
70.000000
80.000000
90.000000
96.741349
100.000000
100.000000
90.000000
80.000000
70.000000
60.000000
50.000000
40.000000
30.000000
23.144610
11.452616
0.000000
-10.000000
-20.000000
-30.000000
-40.000000
-50.000000
-60.000000
-70.000000
-79.754638
-90.000000
-100.000000
-100.000000
-100.000000
-90.000000
-80.000000
-70.000000
-60.000000
-50.000000
-40.093995
-30.000000
-20.000000
-10.000000
0.000000
10.000000
20.000000
30.000000
40.000000
50.000000
60.000000
68.991139
80.000000
90.000000
100.000000
100.000000
100.000000
90.000000
80.000000
70.000000
62.559108
50.866938
40.000000
30.000000
20.000000
10.000000
0.000000
-10.000000
-20.000000
-30.000000
-40.000000
-50.000000
-60.000000
-70.000000
-80.000000
-90.000000
-100.000000
-100.000000
-100.000000
-90.000000
-82.351483
-70.000000
-60.000000
-50.000000
-40.000000
-30.000000
-20.000000
-10.000000
0.000000
10.000000
17.837076
29.538774
40.000000
50.000000
60.000000
70.000000
80.000000
90.000000
100.000000
100.000000
100.000000
90.281996
80.000000
70.000000
60.000000
50.000000
40.000000
30.000000
20.000000
10.000000
0.000000
-9.812285
-20.000000
-30.000000
-40.000000
-50.000000
-60.000000
-70.000000
-80.000000
-90.000000
-98.214202
-100.000000
-100.000000
-90.000000
-80.000000
-70.000000
-60.000000
-50.000000
-40.000000
-33.317932
-21.616277
-10.000000
0.000000
10.000000
20.000000
30.000000
40.000000
50.000000
60.000000
69.675478
78.572263
90.000000
100.000000
100.000000
100.000000
90.000000
80.000000
70.000000
60.000000
50.183402
41.296135
30.000000
20.000000
10.000000
0.000000
-10.000000
-20.000000
-30.000000
-40.000000
-49.910918
-58.798205
-70.000000
-80.000000
-90.000000
-100.000000
-100.000000
-100.000000
-90.000000
-80.000000
-72.771797
-61.070320
-50.000000
-40.000000
-30.000000
-20.000000
-10.000000
0.000000
10.000000
20.000000
30.000000
40.000000
50.000000
60.000000
70.000000
80.000000
90.000000
100.000000
100.000000
100.000000
92.404989
80.713067
70.000000
60.000000
50.000000
40.000000
30.000000
20.000000
10.000000
0.000000
-7.689459
-19.381420
-30.000000
-40.000000
-50.000000
-60.000000
-70.000000
-80.000000
-90.000000
-100.000000
-100.000000
-100.000000
