-20.000000
-20.000000
-10.000000
0.000000
10.000000
20.000000
30.000000
30.000000
27.045642
14.971481
2.897207
-9.176917
-20.000000
-20.000000
-10.000000
0.000000
10.000000
20.000000
30.000000
2980.000000
2980.000000
2990.000000
2990.861247
3010.000000
3010.000000
3010.000000
3013.910055
3020.000000
3030.000000
3030.000000
3020.000000
3010.000000
3010.000000
3000.000000
3000.000000
3000.000000
2996.316125
5865.530942
5945.519454
5980.000000
5980.000000
5980.000000
5980.000000
5980.000000
5980.000000
5980.000000
5990.000000
5990.000000
6000.000000
6000.000000
6000.000000
6000.924520
6020.000000
6020.000000
6020.000000
6672.005991
6712.000247
6751.994502
6791.988758
6831.983014
6871.977270
6911.971525
6951.965781
6991.960037
7031.954293
7071.948549
7111.942804
7151.937060
7191.931316
7231.925572
7271.919827
7311.914083
7351.908339
8980.000000
8980.000000
8980.000000
8980.000000
8980.000000
8980.000000
8987.429265
9010.000000
9010.000000
9010.000000
9010.000000
9010.182424
9030.000000
9030.000000
9030.000000
9018.655557
9000.000000
8996.968547
9034.257589
9074.251844
9114.246100
9154.240356
9194.234612
9234.228867
9274.223123
9314.217379
9354.211635
9394.205890
9434.200146
9474.194402
9514.188658
9554.182913
9594.177169
9634.171425
9674.165681
9714.159936
11990.000000
11990.000000
11980.000000
11980.000000
12000.000000
12003.256189
12010.000000
12017.404568
12020.000000
12020.000000
12020.000000
12029.366106
12030.000000
12030.000000
12030.000000
12020.000000
12020.000000
12020.000000
9873.323778
9833.327089
9793.327098
9753.327108
9713.339920
9673.355419
9633.370918
9593.386329
9553.400824
9513.421113
9473.422213
9433.423312
9393.424412
9353.425512
9313.426612
9273.427712
9233.428812
9193.429912
5873.513099
5833.513445
5793.513790
5753.514136
5713.514482
5673.514827
5633.515173
5593.515518
5553.515864
5513.516210
5473.516555
5433.516901
5393.517247
5353.517592
5313.517938
5273.518283
5233.520405
5193.527008
1873.549211
1833.549323
1793.549435
1753.549576
1713.549763
1673.549930
1633.552392
1593.555414
1553.559208
1513.561840
1473.566289
1433.568466
1393.570286
1353.582392
1313.600486
1273.613286
1233.629726
-20.000000
