-20.000000
-20.000000
-10.000000
0.000000
10.000000
20.000000
30.000000
30.000000
27.045642
14.971481
2.897207
-9.176917
-20.000000
-20.000000
-10.000000
0.000000
10.000000
20.000000
30.000000
2980.000000
2980.000000
2990.000000
2990.861247
3010.000000
3010.000000
3010.000000
3010.000000
3015.984235
3028.058283
3030.000000
3030.000000
3020.000000
3010.000000
3000.000000
2990.000000
2988.390248
2980.000000
5939.653630
5980.000000
5980.000000
5980.000000
5980.000000
5980.000000
5980.000000
5980.000000
5980.000000
5980.000000
5990.000000
5990.000000
6000.000000
6000.000000
6010.000000
6010.000000
6018.950548
6020.000000
6523.760616
6563.754872
6603.749128
6643.743383
6683.737639
6723.731895
6763.726151
6803.720407
6843.714662
6883.708918
6923.703174
6963.697430
7003.691685
7043.685941
7083.680197
7123.674453
7163.668708
7203.662964
9000.000000
9000.000000
9000.000000
9010.000000
9010.000000
9013.463400
9020.000000
9020.000000
9030.000000
9030.000000
9030.000000
9030.000000
9030.000000
9030.000000
9030.000000
9030.000000
9020.000000
9010.000000
9000.000000
9000.000000
9000.000000
9013.058280
9020.000000
9020.000000
9020.000000
9020.000000
9020.000000
9020.000000
9020.000000
9020.000000
9020.000000
9020.000000
9020.000000
9020.000000
9020.000000
9020.000000
11059.549732
11099.539230
11139.528728
11179.518226
11219.507724
11259.497380
11299.487407
11339.477435
11379.439526
11419.345859
11459.252192
11499.158525
11539.100317
11579.050310
11618.951015
11658.837374
11698.737043
11738.697381
9549.664972
9509.669128
9469.673513
9429.675386
9389.676213
9349.683780
9309.706164
9269.728862
9229.754773
9189.780684
9149.809199
9109.843535
9071.383773
9034.859330
9020.000000
9020.000000
9012.300533
9000.000000
5723.832759
5683.834057
5643.835355
5603.836653
5563.837952
5523.839250
5483.840548
5443.841846
5403.843144
5363.844443
5323.845741
5283.847039
5243.848337
5203.849636
5163.850934
5123.852232
5083.853530
5043.855585
1723.921751
1683.922140
1643.922260
1603.922602
1563.922795
1523.923088
1483.925263
1443.927852
1403.931240
1363.933429
1323.937498
1283.939213
1243.940586
1203.953226
1163.972794
1123.986222
1084.003861
-20.000000
