-100.000000
-100.000000
-90.000000
-80.000000
-70.000000
-60.000000
-50.000000
-40.000000
-30.000000
-20.000000
-10.000000
0.000000
10.000000
20.000000
30.000000
40.000000
50.000000
60.000000
70.000000
80.000000
90.000000
100.000000
100.000000
100.000000
90.000000
80.000000
70.000000
60.000000
50.000000
40.000000
30.000000
20.000000
10.000000
0.000000
-10.000000
-20.000000
-30.000000
-40.000000
-50.000000
-60.000000
-70.000000
-80.000000
-90.000000
-100.000000
-100.000000
-100.000000
-90.000000
-80.000000
-70.000000
-60.000000
-50.000000
-40.000000
-30.000000
-20.000000
-10.000000
0.000000
10.000000
20.000000
30.000000
40.000000
50.000000
60.000000
70.000000
80.000000
90.000000
100.000000
100.000000
100.000000
90.000000
80.000000
70.000000
60.000000
50.000000
40.000000
30.000000
20.000000
10.000000
0.000000
-10.000000
-20.000000
-30.000000
-40.000000
-50.000000
-60.000000
-70.000000
-80.000000
-90.000000
-100.000000
-100.000000
-100.000000
-96.082714
-84.550585
-73.018586
-61.486456
-50.000000
-40.000000
-30.000000
-20.000000
-10.000000
0.000000
10.000000
20.000000
30.000000
40.000000
50.000000
60.000000
70.000000
80.000000
90.000000
100.000000
100.000000
100.000000
90.000000
80.000000
70.000000
60.000000
50.000000
40.000000
30.000000
20.000000
10.000000
0.000000
-10.000000
-20.000000
-30.000000
-40.000000
-50.000000
-60.000000
-70.000000
-80.000000
-90.000000
-100.000000
-100.000000
-100.000000
-91.783505
-80.000000
-70.000000
-60.000000
-50.000000
-40.000000
-30.000000
-20.000000
-10.000000
0.000000
10.000000
20.000000
30.000000
40.000000
50.000000
60.000000
70.000000
80.000000
90.000000
100.000000
100.000000
100.000000
90.000000
80.000000
70.000000
60.000000
50.000000
40.000000
30.000000
20.000000
10.000000
0.000000
-10.000000
-20.000000
-30.000000
-40.000000
-50.000000
-60.000000
-70.000000
-80.000000
-90.000000
-100.000000
-100.000000
-100.000000
-95.348008
-83.816231
-72.283893
-60.000000
-50.000000
-40.000000
-30.000000
-20.000000
-10.000000
0.000000
10.000000
20.000000
30.000000
40.000000
50.000000
60.000000
70.000000
80.000000
90.000000
100.000000
100.000000
100.000000
90.000000
80.000000
70.000000
60.000000
50.000000
40.000000
30.000000
20.000000
10.000000
0.000000
-10.000000
-20.000000
-30.000000
-40.000000
-50.000000
-60.000000
-70.000000
-80.000000
-90.000000
-100.000000
-100.000000
-100.000000
