-20.000000
-20.000000
-10.000000
0.000000
10.000000
20.000000
30.000000
30.000000
20.000000
10.000000
0.000000
-10.000000
-20.000000
-20.000000
-10.000000
-2.969020
10.000000
20.000000
30.000000
2980.000000
2990.000000
2998.232835
3010.000000
3020.000000
3030.000000
3030.000000
3020.000000
3010.000000
3006.716762
3000.000000
2980.000000
2980.000000
2984.461768
3000.000000
3010.000000
3020.000000
3025.640280
5980.000000
5990.000000
5990.949635
6000.000000
6020.000000
6030.000000
6030.000000
6030.000000
6020.000000
6010.000000
5996.693248
5980.000000
5980.000000
5990.000000
5994.485395
6000.000000
6020.000000
6030.000000
8980.000000
8983.188675
8990.000000
9000.000000
9008.279881
9020.000000
9030.000000
9027.848208
9010.541457
9000.000000
9000.000000
8995.290213
8980.000000
8990.000000
8990.000000
8996.376640
9010.000000
9020.000000
11980.000000
11987.124902
12000.000000
12010.000000
12010.996775
12028.303414
12030.000000
12030.000000
12017.824657
12000.517792
11990.000000
11990.000000
11980.000000
11980.000000
11980.000000
11980.000000
12014.532536
12030.000000
12030.000000
12030.000000
12020.000000
12010.000000
12000.000000
11990.000000
11980.000000
11990.000000
11990.000000
11991.076533
12018.067994
12030.000000
12030.000000
12028.060491
12010.753777
12000.000000
12000.000000
11990.000000
9030.000000
9020.000000
9010.000000
9010.000000
8994.783947
8980.000000
8980.000000
8980.000000
8996.394508
9010.000000
9010.000000
9010.376533
9030.000000
9023.345590
9020.000000
9008.555390
8991.248714
8980.000000
6125.033916
6075.155068
6025.662797
6000.000000
5996.457433
5980.000000
5980.000000
5990.000000
5990.000000
6000.000000
6000.000000
6010.000000
6030.000000
6024.093995
6010.000000
6000.000000
5992.922200
5980.000000
3030.000000
3022.002717
3010.000000
3010.000000
2990.000000
2990.000000
2982.628739
2990.000000
3000.000000
3010.000000
3020.000000
3030.000000
3030.000000
3020.000000
3010.000000
3010.000000
3002.357013
2980.000000
30.000000
23.676203
10.000000
0.000000
-10.000000
-17.502384
-20.000000
-10.000000
0.000000
8.680763
20.000000
30.000000
30.000000
20.140895
10.000000
0.000000
-10.000000
-20.000000
