-100.000000
-100.000000
-91.934050
-80.000000
-70.000000
-60.000000
-50.000000
-40.000000
-30.000000
-20.000000
-10.000000
0.000000
10.000000
19.956496
30.000000
40.000000
50.000000
60.000000
70.000000
80.000000
90.000000
99.546206
100.000000
100.000000
90.000000
80.000000
70.000000
60.000000
50.000000
40.000000
30.000000
23.144610
11.452616
0.000000
-10.000000
-20.000000
-30.000000
-40.000000
-50.000000
-60.000000
-70.000000
-76.949781
-90.000000
-100.000000
-100.000000
-100.000000
-90.000000
-80.000000
-70.000000
-60.000000
-50.000000
-42.898852
-30.000000
-20.000000
-10.000000
0.000000
10.000000
20.000000
30.000000
40.000000
50.000000
60.000000
70.000000
80.000000
90.000000
100.000000
100.000000
100.000000
90.000000
80.000000
70.000000
60.000000
50.000000
40.000000
30.000000
20.000000
10.000000
0.000000
-10.000000
-20.000000
-30.000000
-37.535195
-49.227381
-60.000000
-70.000000
-80.000000
-90.000000
-100.000000
-100.000000
-100.000000
-90.000000
-82.351483
-70.649779
-60.000000
-50.000000
-40.000000
-30.000000
-20.000000
-10.000000
0.000000
10.000000
20.000000
30.000000
40.000000
50.000000
60.000000
70.000000
80.000000
90.000000
100.000000
100.000000
100.000000
90.281996
80.000000
70.000000
60.000000
50.000000
40.000000
30.000000
20.000000
10.000000
0.000000
-9.812285
-20.000000
-30.000000
-40.000000
-50.000000
-60.000000
-70.000000
-80.000000
-90.000000
-98.214202
-100.000000
-100.000000
-90.000000
-80.000000
-70.000000
-60.000000
-50.000000
-40.000000
-33.317932
-20.000000
-10.000000
0.000000
10.000000
20.000000
30.000000
40.000000
50.000000
60.000000
69.675478
80.000000
90.000000
100.000000
100.000000
100.000000
90.000000
80.000000
70.000000
60.000000
52.988259
40.000000
30.000000
20.000000
10.000000
0.000000
-10.000000
-20.000000
-30.000000
-40.000000
-49.910918
-60.000000
-70.000000
-80.000000
-90.000000
-100.000000
-100.000000
-100.000000
-90.000000
-80.000000
-70.000000
-60.000000
-50.000000
-40.000000
-30.000000
-20.000000
-10.000000
0.000000
10.000000
20.000000
30.000000
40.000000
50.000000
60.000000
70.000000
80.000000
90.000000
100.000000
100.000000
100.000000
92.404989
80.713067
70.000000
60.000000
50.000000
40.000000
30.000000
20.000000
10.000000
0.000000
-7.689459
-20.000000
-30.000000
-40.000000
-50.000000
-60.000000
-70.000000
-80.000000
-90.000000
-100.000000
-100.000000
-100.000000
