-20.000000
-20.000000
-10.000000
0.000000
10.000000
20.000000
30.000000
30.000000
20.000000
10.000000
0.000000
-10.000000
-20.000000
-20.000000
-10.000000
-2.969020
10.000000
20.000000
30.000000
2980.000000
2990.000000
2990.000000
3010.000000
3020.000000
3030.000000
3030.000000
3030.000000
3010.000000
3010.000000
3000.000000
2990.000000
2980.000000
2984.461768
3000.000000
3000.000000
3010.000000
3025.640280
5980.000000
5980.000000
5990.949635
6008.256311
6010.000000
6030.000000
6030.000000
6030.000000
6020.000000
6020.000000
6000.000000
5984.990213
5980.000000
5990.000000
5994.485395
6010.000000
6020.000000
6030.000000
8980.000000
8990.000000
8990.000000
8990.000000
8990.000000
8995.859372
9030.000000
9030.000000
9020.541438
9010.000000
9000.000000
8996.669678
8990.000000
8980.000000
8980.000000
8990.000000
9000.000000
9000.000000
11980.000000
11987.124902
11990.000000
12010.000000
12010.000000
12021.742987
12030.000000
12030.000000
12017.824657
12000.517792
12000.000000
12000.000000
11996.646108
11990.000000
11990.000000
12000.000000
12014.532536
12030.000000
12030.000000
12030.000000
12014.289010
12000.000000
11990.000000
11990.000000
11980.000000
11980.000000
11990.000000
11990.761224
12000.000000
12020.000000
12030.000000
12028.060491
12020.000000
12000.000000
12000.000000
11986.881904
9030.000000
9020.000000
9010.000000
9010.000000
8994.783947
8980.000000
8980.000000
8980.000000
8986.394414
9000.000000
9010.000000
9020.000000
9020.000000
9020.000000
9020.000000
9020.000000
9008.258969
8980.000000
6402.660708
6352.667888
6302.673581
6252.683586
6202.694144
6152.712915
6103.051732
6053.338928
6003.488089
6007.009867
6020.000000
6030.000000
6030.000000
6030.000000
6024.790453
6010.000000
6000.000000
5980.000000
3030.000000
3022.002717
3010.000000
3000.000000
2990.000000
2980.824130
2980.000000
2990.000000
3000.000000
3010.000000
3010.000000
3020.000000
3030.000000
3030.000000
3010.000000
3000.000000
3000.000000
2990.000000
30.000000
23.676203
10.000000
0.000000
-10.000000
-17.502384
-20.000000
-10.000000
0.000000
8.680763
20.000000
30.000000
30.000000
20.140895
10.000000
0.000000
-10.000000
-20.000000
