0
-8.6478
-10
0
10
20
30
30
20
10
0
-10
-20
-20
-10
0
10
20
30
2980
2990
3010
3020
3030
3030
3020
3010
3000
2990
2980
2980
2990
3000
3010
3030
5980
5990
6010
6020
6030
6030
6020
6010
6000
5990
5980
5980
5990
6000
6010
6020
6030
8713.51
8795.53
8850.22
8904.86
8985.27
9010
9000
8990
8980
8980
9010
9020
9030
9139.37
11980
11990
12000
12010
12030
12030
12020
12000
11990
11980
11980
12000
12010
12020
12030
12030
12020
12010
12000
11990
11980
11980
11990
12010
12020
12030
12000
11990
11980
9030
9020
9010
9000
8990
8980
8980
9000
9010
9020
9030
9030
9020
9010
9000
8990
8980
6030
6020
6010
6000
5980
5980
5990
6000
6010
6020
6030
6030
6020
6000
5990
5980
3030
3020
3010
3000
2990
2980
2990
3000
3010
3020
3030
3030
3020
3010
2990
2980
30
20
10
0
-10
-20
-20
-10
0
10
20
30
30
20
10
0
-10
-20.000000
