0.000000
0.000000
30.000000
21.213203
0.000000
-21.213203
-30.000000
-30.000000
-30.000000
0.541807
30.000000
15.000000
10.606602
0.000000
-10.606602
-15.000000
-10.606602
0.000000
10.606602
15.000000
3000.000000
3027.903333
3021.213135
3003.711896
3000.000000
2977.214747
2978.786865
3000.000000
3017.353418
3030.000000
3015.000000
3010.606689
3000.000000
3000.000000
2985.000000
2989.393311
3000.000000
3010.606689
3010.606689
6000.000000
6000.000000
6000.000000
6000.000000
6000.000000
6000.000000
6000.000000
6000.000000
6000.000000
6000.000000
6000.000000
6000.000000
6000.000000
6000.000000
6000.000000
6000.000000
6000.000000
6000.000000
6000.000000
9000.000000
9008.783333
9029.768515
9003.671448
8983.762963
8973.775763
8970.000000
8972.929694
9007.372045
9021.212891
9017.574921
9011.764325
9010.606445
8989.393555
8985.000000
8989.393555
8989.393555
9010.606445
9015.000000
