-100.000000
-100.000000
-90.000000
-88.646461
-76.945119
-65.242953
-50.000000
-40.000000
-30.138122
-20.000000
-10.000000
0.000000
10.000000
19.956496
30.000000
40.000000
50.000000
60.000000
70.000000
80.000000
90.000000
100.000000
100.000000
100.000000
90.000000
80.000000
70.000000
60.000000
50.000000
40.000000
30.000000
20.000000
10.000000
0.000000
-10.000000
-20.000000
-20.000000
-30.180371
-50.000000
-60.000000
-70.000000
-76.949781
-80.227236
-90.000000
-100.000000
-100.000000
-100.000000
-90.000000
-80.000000
-70.000000
-50.000000
-40.000000
-30.000000
-20.000000
-10.000000
0.000000
10.000000
18.897166
30.000000
40.000000
50.000000
60.000000
70.000000
80.000000
90.000000
100.000000
100.000000
100.000000
90.000000
85.943797
80.000000
70.000000
59.281509
40.000000
30.000000
20.000000
10.000000
0.000000
-10.000000
-20.000000
-30.000000
-40.000000
-50.000000
-60.000000
-70.000000
-80.000000
-90.000000
-99.274689
-100.000000
-100.000000
-90.000000
-80.000000
-70.649779
-60.000000
-50.000000
-40.000000
-40.000000
-28.970004
-17.268303
0.000000
0.000000
20.000000
30.000000
40.000000
50.000000
60.000000
67.931281
79.633126
90.000000
100.000000
100.000000
100.000000
90.000000
80.000000
70.000000
60.000000
50.000000
40.000000
30.000000
20.000000
10.000000
1.880081
-9.812285
-13.090033
-20.000000
-30.000000
-40.000000
-51.444832
-70.000000
-80.000000
-90.000000
-100.000000
-100.000000
-100.000000
-90.000000
-80.000000
-71.710439
-60.008779
-50.000000
-40.000000
-30.000000
-20.000000
-10.000000
0.000000
10.000000
20.000000
30.000000
40.000000
43.467082
60.000000
70.000000
80.000000
90.000000
100.000000
100.000000
100.000000
90.000000
80.000000
70.000000
60.000000
50.000000
41.296135
30.000000
20.000000
10.000000
0.000000
-10.000000
-20.000000
-30.000000
-40.000000
-50.000000
-60.000000
-70.000000
-80.000000
-90.000000
-100.000000
-100.000000
-100.000000
-90.000000
-80.000000
-70.000000
-61.070320
-50.000000
-40.000000
-30.000000
-20.000000
-10.975792
0.000000
10.000000
20.000000
30.000000
40.000000
50.000000
60.000000
70.000000
80.000000
90.000000
100.000000
100.000000
100.000000
90.000000
80.713067
70.000000
60.000000
50.000000
40.000000
30.000000
20.000000
10.000000
0.000000
-10.000000
-19.381420
-30.000000
-40.000000
-50.000000
-60.000000
-70.000000
-80.000000
-90.000000
-100.000000
-100.000000
-100.000000
