0.000000
0.000000
0.000000
0.000000
0.000000
-21.213203
-30.000000
-22.719588
-21.213203
12.178313
30.000000
15.000000
10.606602
10.606602
-10.606602
-15.000000
-10.606602
-10.606602
10.606602
15.000000
3000.000000
3019.761299
3030.000000
3030.000000
3030.000000
3030.000000
3030.000000
3030.000000
3030.000000
3030.000000
3030.000000
3016.180575
3010.606689
3010.606689
2985.000000
2985.000000
2985.000000
3008.955851
3010.606689
6000.000000
6000.000000
6030.000000
6030.000000
6030.000000
6030.000000
6030.000000
6009.467106
5978.786621
5992.079633
6021.213379
6021.213379
6021.213379
6010.606445
5991.302052
6010.606445
5995.499523
5985.721257
6015.000000
6015.000000
6015.000000
6047.157972
6087.157972
6127.157972
6167.157972
6207.157972
6247.157972
6287.157972
6327.157972
6367.156235
6407.154201
6447.153258
6487.151794
6527.149849
6567.147750
6607.146680
6647.145057
9015.000000
