3900.000000
3900.000000
3906.978890
3919.058302
3920.000000
3930.092233
3942.161246
3960.000000
3960.000000
3980.000000
3980.000000
3990.000000
3990.000000
4010.000000
4020.000000
4020.000000
4030.000000
4039.209394
4050.000000
4052.864325
4070.000000
4080.000000
4090.000000
4095.900236
4100.000000
4100.000000
4100.000000
4100.000000
4088.115270
4080.000000
4070.000000
4060.000000
4060.000000
4050.000000
4040.000000
4040.000000
4030.000000
4020.000000
4010.000000
4010.000000
3990.248147
3990.000000
3970.000000
3967.116193
3960.000000
3950.000000
3950.000000
3940.000000
3930.000000
3922.515336
3910.000000
3910.000000
3900.000000
3900.000000
3900.000000
3910.000000
3920.000000
3920.000000
3938.458697
3950.000000
3950.000000
3960.000000
3968.225126
3977.673859
3980.000000
3990.000000
4000.000000
4010.000000
4020.000000
4020.000000
4023.817545
4030.000000
4050.000000
4050.000000
4060.000000
4068.932316
4070.000000
4080.000000
4090.000000
4091.489098
4100.000000
4100.000000
4100.000000
4090.000000
4083.381675
4080.000000
4070.000000
4070.000000
4060.000000
4058.193836
4040.000000
4030.000000
4020.000000
4020.000000
4010.000000
4004.117082
3994.664078
3990.000000
3980.000000
3971.048413
3961.590362
3950.000000
3950.000000
3930.000000
3926.379841
3916.922138
3900.223077
3900.000000
3900.000000
3910.000000
3918.211841
3927.660221
3939.729764
3949.178146
3950.000000
3960.000000
3963.233194
3984.350968
3993.799497
4000.000000
4010.000000
4020.000000
4026.839987
4038.909523
4058.353834
4060.000000
4070.000000
4070.000000
4086.106636
4100.000000
4100.000000
4100.000000
4100.000000
4093.970736
4090.000000
4080.000000
4070.000000
4068.764942
4059.307035
4050.000000
4040.000000
4030.000000
4030.000000
4020.000000
4020.000000
4000.000000
4000.000000
3990.000000
3980.000000
3970.000000
3960.100529
3960.000000
3950.000000
3940.000000
3940.000000
3930.000000
3920.000000
3920.000000
3910.000000
3910.000000
3900.000000
3900.000000
3910.000000
3910.000000
3920.000000
3934.336694
3950.000000
3960.000000
3965.303203
3970.000000
3980.000000
3990.000000
4000.673200
4020.000000
4039.852149
4040.000000
4050.000000
4060.000000
4065.029797
4074.478145
4080.000000
4090.000000
4100.000000
4100.000000
4100.000000
4099.251785
4090.000000
4080.000000
4070.000000
4065.748482
4050.000000
4040.000000
4030.000000
4030.000000
4020.000000
4020.000000
4008.260523
3990.000000
3990.000000
3980.000000
3980.000000
3960.967211
3960.000000
3950.000000
3940.000000
3933.961709
3921.873619
3920.000000
3910.000000
3900.000000
3900.000000
3900.000000
3900.000000
3910.000000
3910.000000
3918.251541
3930.000000
3940.000000
3950.000000
3950.000000
3960.456379
4010.000000
