-100.000000
-100.000000
-90.000000
-80.231890
-76.945119
-70.000000
-60.000000
-41.839446
-30.000000
-20.000000
-10.000000
0.000000
10.000000
19.956496
30.000000
40.000000
50.000000
60.000000
70.000000
80.000000
90.000000
100.000000
100.000000
100.000000
90.000000
80.000000
70.000000
60.000000
50.000000
40.000000
30.000000
20.000000
10.000000
0.000000
-10.000000
-20.000000
-30.000000
-40.000000
-50.000000
-60.000000
-70.000000
-80.000000
-90.000000
-100.000000
-100.000000
-100.000000
-100.000000
-90.000000
-80.000000
-70.000000
-64.605326
-60.000000
-50.000000
-40.000000
-30.000000
-20.000000
-10.000000
0.000000
10.000000
20.000000
35.583179
47.284674
58.986707
70.000000
73.975664
80.000000
97.379191
100.000000
100.000000
90.000000
80.000000
70.000000
59.281509
40.000000
30.000000
20.000000
10.000000
0.000000
-10.000000
-20.000000
-30.000000
-37.535195
-40.812810
-60.000000
-70.000000
-80.000000
-80.000000
-90.860119
-100.000000
-100.000000
-90.000000
-82.351483
-79.064349
-67.362514
-60.000000
-50.000000
-40.000000
-28.970004
-10.000000
0.000000
10.000000
20.000000
29.538774
32.826046
40.000000
50.000000
60.000000
79.633126
90.000000
100.000000
100.000000
100.000000
90.000000
80.000000
70.000000
60.000000
50.000000
40.000000
30.000000
20.000000
10.000000
0.000000
-10.000000
-20.000000
-30.000000
-40.000000
-50.000000
-60.000000
-70.000000
-80.000000
-90.000000
-100.000000
-100.000000
-100.000000
-95.113978
-80.000000
-70.000000
-60.000000
-50.000000
-40.000000
-30.000000
-20.000000
-10.000000
0.000000
10.000000
20.000000
30.000000
40.000000
50.000000
60.000000
70.000000
80.000000
90.000000
100.000000
100.000000
100.000000
90.000000
80.000000
70.000000
60.000000
50.000000
40.000000
30.000000
20.000000
10.000000
2.941312
-10.000000
-20.000000
-30.000000
-40.000000
-50.000000
-60.000000
-70.000000
-80.000000
-90.000000
-97.153023
-100.000000
-100.000000
-90.000000
-80.000000
-70.000000
-60.000000
-50.000000
-40.000000
-30.000000
-20.000000
-10.000000
0.000000
10.000000
20.000000
20.000000
39.118131
42.405637
50.000000
60.000000
70.000000
80.000000
90.000000
100.000000
100.000000
100.000000
90.000000
80.000000
70.000000
64.045852
60.000000
49.075695
30.000000
20.000000
10.000000
0.000000
-0.971944
-10.000000
-20.000000
-40.000000
-50.000000
-60.000000
-72.706438
-80.000000
-90.000000
-100.000000
-100.000000
