-20.000000
-20.000000
-10.000000
0.000000
10.000000
20.000000
30.000000
30.000000
<<<<<<< HEAD
26.959611
14.885449
2.811175
-9.262948
=======
27.045642
14.971481
2.897207
-9.176917
>>>>>>> 0b7d3a452a6bf1231fda0ceace1892f3abc8bffa
-20.000000
-20.000000
-10.000000
0.000000
10.000000
20.000000
30.000000
2980.000000
<<<<<<< HEAD
2990.000000
3000.000000
3010.000000
3010.000000
3020.000000
3030.000000
3026.082798
3014.008637
3001.934363
2990.000000
2980.000000
2980.000000
2990.000000
3000.000000
3010.000000
3020.000000
3020.000000
5980.000000
5990.000000
6000.000000
6010.000000
6020.000000
6030.000000
6030.000000
6030.000000
6018.981955
6006.907681
5994.833557
5982.759321
5980.000000
5990.000000
6000.000000
6010.000000
6020.000000
6030.000000
8980.000000
8987.523239
8999.597551
9010.000000
9020.000000
9030.000000
9030.000000
9030.000000
9020.000000
9010.000000
9000.000000
8987.944771
8980.000000
8986.203608
8998.277845
9010.000000
9020.000000
9030.000000
11980.000000
11980.000000
11990.000000
11991.682669
12000.000000
12005.830935
12010.000000
12028.503058
12030.000000
12030.000000
12020.000000
12020.000000
12020.000000
12010.000000
12010.000000
11994.890126
11982.721608
11980.000000
12030.000000
12030.000000
12024.320133
12010.000000
12006.808610
11990.000000
11990.000000
11990.000000
11981.691813
11990.000000
11990.000000
11990.000000
11990.000000
12000.622103
12010.000000
12010.000000
12020.000000
12023.945467
9030.000000
9027.567647
9015.493448
9003.419212
8991.345051
8980.000000
8980.000000
8990.000000
9000.000000
9000.000000
9010.000000
9020.000000
9030.000000
9028.887806
9016.813683
9004.739371
8992.665285
8980.591011
6030.000000
6026.907681
6014.833482
6002.759245
5990.685084
5980.000000
5980.000000
5990.000000
6000.000000
6010.000000
6010.000000
6020.000000
6030.000000
6028.227840
6016.153716
6004.079404
5992.005319
5980.000000
3030.000000
3026.459846
3014.385648
3002.311411
2990.237250
2980.000000
2980.000000
2990.000000
3000.000000
3010.000000
3020.000000
3020.000000
3030.000000
3027.780005
3015.705882
3003.631570
2991.557484
2980.000000
30.000000
26.016726
13.942527
1.868291
-10.000000
-20.000000
-20.000000
-10.000000
0.000000
10.000000
20.000000
30.000000
30.000000
27.336885
15.262762
3.188450
-8.885636
=======
2980.000000
2990.000000
2990.861247
3010.000000
3010.000000
3010.000000
3013.910055
3020.000000
3030.000000
3030.000000
3020.000000
3010.000000
3010.000000
3000.000000
3000.000000
2990.000000
2980.000000
5934.966710
5980.000000
5980.000000
5980.000000
5980.000000
5980.000000
5980.000000
5980.000000
5980.000000
5980.000000
5980.000000
5990.000000
5990.000000
6000.000000
6000.000000
6004.802094
6010.000000
6012.614871
6390.331447
6430.325703
6470.319958
6510.314214
6550.308470
6590.302726
6630.296981
6670.291237
6710.285493
6750.279749
6790.274004
6830.268260
6870.262516
6910.256772
6950.251028
6990.245283
7030.239539
7070.233795
8980.000000
8980.000000
8980.000000
8990.000000
8991.389220
9000.000000
9000.000000
9000.000000
9010.000000
9020.000000
9020.000000
9020.000000
9020.000000
9021.934091
9030.000000
9030.000000
9015.076907
9010.000000
8990.000000
8990.000000
8990.000000
9003.058307
9030.000000
9030.000000
9030.000000
9030.000000
9030.000000
9030.000000
9030.000000
9030.000000
9030.000000
9030.000000
9030.000000
9030.000000
9030.000000
9030.000000
11091.753580
11131.751267
11171.748954
11211.746641
11251.744328
11291.739283
11331.727825
11371.716366
11411.704908
11451.693450
11491.681991
11531.670533
11571.659075
11611.568361
11651.464008
11691.258482
11731.052956
11770.962753
11980.000000
11980.000000
11980.000000
11980.000000
11980.000000
11980.000000
11980.000000
11980.000000
11980.000000
11980.000000
11980.000000
11980.000000
11980.000000
11980.000000
11980.000000
11980.000000
11980.000000
11980.000000
9179.498213
9139.498405
9099.498594
9059.498782
9019.499415
8979.500225
8939.500839
8899.501013
8859.501479
8819.502300
8779.503121
8739.503493
8699.503648
8659.503803
8619.504576
8579.505423
8539.506258
8499.506987
5179.539492
5139.539880
5099.540269
5059.540657
5019.540974
4979.541177
4939.541453
4899.541565
4859.541678
4819.541748
4779.541768
4739.541827
4699.541839
4659.541841
4619.541856
4579.541858
4539.541990
>>>>>>> 0b7d3a452a6bf1231fda0ceace1892f3abc8bffa
-20.000000
