-20.000000
-20.000000
-10.000000
0.000000
10.000000
20.000000
30.000000
30.000000
<<<<<<< HEAD
26.959611
14.885449
2.811175
-9.262948
=======
27.045642
14.971481
2.897207
-9.176917
>>>>>>> 0b7d3a452a6bf1231fda0ceace1892f3abc8bffa
-20.000000
-20.000000
-10.000000
0.000000
10.000000
20.000000
30.000000
2980.000000
<<<<<<< HEAD
2990.000000
3000.000000
3010.000000
3010.000000
3020.000000
3030.000000
3026.082798
3014.008637
3001.934363
2990.000000
2980.000000
2980.000000
2990.000000
3000.000000
3010.000000
3020.000000
3020.000000
5980.000000
5990.000000
6000.000000
6010.000000
6020.000000
6030.000000
6030.000000
6030.000000
6028.560240
6006.907681
5994.833557
5982.759321
5980.000000
5990.000000
6000.000000
6010.000000
6020.000000
6030.000000
8980.000000
8980.000000
8993.572800
9010.000000
9020.000000
9030.000000
9030.000000
9030.000000
9020.000000
9010.000000
9000.000000
8987.944771
8980.000000
8980.000000
8991.706560
9010.000000
9020.000000
9030.000000
11980.000000
11980.000000
11990.000000
11996.769124
12008.937490
12010.000000
12010.000000
12020.000000
12020.000000
12030.000000
12030.000000
12030.000000
12020.000000
12020.000000
12006.624838
12000.000000
11992.320971
11980.246735
12030.000000
12030.000000
12030.000000
12023.640847
12020.000000
12014.734487
12000.000000
12000.000000
12000.000000
11980.820053
11980.000000
11980.000000
11990.000000
11990.000000
12000.000000
12000.000000
12016.844699
12029.187486
9030.000000
9027.567647
9020.000000
9010.693440
8991.345051
8980.000000
8980.000000
8990.000000
9000.000000
9000.000000
9010.000000
9020.000000
9030.000000
9028.887806
9016.813683
9004.739371
8992.665285
8980.591011
6030.000000
6026.907681
6014.833482
6002.759245
5990.685084
5980.000000
5980.000000
5990.000000
6000.000000
6010.000000
6010.000000
6020.000000
6030.000000
6028.227840
6016.153716
6004.079404
5992.005319
5980.000000
3030.000000
3026.459846
3014.385648
3002.311411
2990.237250
2980.000000
2980.000000
2990.000000
3000.000000
3010.000000
3020.000000
3020.000000
3030.000000
3027.780005
3015.705882
3003.631570
2991.557484
2980.000000
30.000000
26.016726
13.942527
1.868291
-10.000000
-20.000000
-20.000000
-10.000000
0.000000
10.000000
20.000000
30.000000
30.000000
27.336885
15.262762
3.188450
-8.885636
=======
2980.000000
2990.000000
2990.861247
3000.000000
3010.000000
3017.072001
3023.909923
3030.000000
3030.000000
3030.000000
3020.000000
3020.000000
3010.000000
3010.000000
3000.000000
3000.000000
2990.000000
5980.000000
5980.000000
5980.000000
5980.000000
5980.000000
5980.000000
5980.000000
5980.000000
5980.000000
5980.000000
5990.000000
5990.000000
6000.000000
6010.000000
6010.000000
6014.802188
6020.000000
6030.000000
6449.637929
6489.632185
6529.626440
6569.620696
6609.614952
6649.609208
6689.603463
6729.597719
6769.591975
6809.586231
6849.580486
6889.574742
6929.568998
6969.563254
7009.557510
7049.551765
7089.546021
7129.540277
8980.000000
8980.000000
8990.000000
8990.000000
8990.000000
8993.463400
9000.000000
9000.000000
9010.000000
9010.000000
9010.000000
9020.000000
9022.250580
9030.000000
9030.000000
9030.000000
9030.000000
9030.000000
8990.000000
8990.000000
8990.000000
8990.000000
8990.000000
9006.926915
9030.000000
9030.000000
9030.000000
9030.000000
9030.000000
9030.000000
9030.000000
9030.000000
9030.000000
9030.000000
9030.000000
9030.000000
10105.925769
10145.925323
10185.921771
10225.917031
10265.912291
10305.907477
10345.898391
10385.889306
10425.880220
10465.874217
10505.869665
10545.865112
10585.860559
10625.855669
10665.845282
10705.834895
10745.824507
10785.807204
9534.999635
9495.000922
9455.002140
9415.003358
9375.004487
9335.029109
9295.084147
9255.140914
9215.239522
9175.338129
9135.446973
9095.482861
9055.487215
9030.000000
9030.000000
9010.885895
9000.000000
9000.000000
8980.000000
8980.000000
8957.238758
8917.244426
8877.249746
8837.252606
8797.253385
8757.254164
8717.254943
8677.255721
8637.257270
8597.257973
8557.258012
8517.258051
8477.258090
8437.258222
8397.258264
8357.258305
5037.316015
4997.317014
4957.317587
4917.318509
4877.319022
4837.319791
4797.320598
4757.320870
4717.320885
4677.320930
4637.320945
4597.321120
4557.321160
4517.321205
4477.321383
4437.321424
4397.321465
>>>>>>> 0b7d3a452a6bf1231fda0ceace1892f3abc8bffa
-20.000000
