-20.000000
-20.000000
-10.000000
0.000000
10.000000
20.000000
30.000000
30.000000
20.000000
10.000000
0.000000
-10.000000
-20.000000
-20.000000
-10.000000
-2.969020
10.000000
20.000000
30.000000
2980.000000
2990.000000
2998.232835
3010.000000
3020.000000
3030.000000
3030.000000
3020.000000
3010.000000
3006.716762
2990.000000
2980.000000
2980.000000
2984.461768
3000.000000
3010.000000
3020.000000
3025.640280
5980.000000
5984.862161
5990.000000
6000.000000
6010.000000
6020.000000
6030.000000
6020.565159
6010.000000
6000.000000
5996.693248
5980.000000
5980.000000
5990.000000
5994.485395
6010.000000
6020.000000
6030.000000
8939.258686
8980.000000
8990.000000
8991.376320
9018.279975
9030.000000
9030.000000
9027.848208
9020.000000
9000.000000
9000.000000
9000.000000
8989.362908
8990.000000
8990.000000
8996.376640
9020.000000
9030.000000
11980.000000
11980.000000
11980.000000
12000.000000
12001.409520
12028.303414
12030.000000
12030.000000
12020.000000
12006.590267
11990.000000
11990.000000
11980.000000
11990.000000
12000.000000
12000.000000
12006.409947
12020.000000
12020.000000
12020.000000
12014.193035
12010.000000
12010.000000
12010.000000
11980.000000
11990.000000
12000.000000
12000.761167
12018.067994
12020.000000
12020.000000
12020.000000
12010.753777
12000.000000
12000.000000
11986.881904
9030.000000
9030.000000
9020.000000
9010.000000
8994.783947
8980.000000
8980.000000
8980.000000
8996.394508
9010.000000
9020.000000
9020.266155
9030.000000
9030.000000
9020.000000
9018.555522
9001.248620
8990.000000
6030.000000
6020.329231
6010.000000
6000.000000
5996.457433
5980.000000
5980.000000
5990.000000
5994.721022
6000.000000
6000.000000
6030.000000
6030.000000
6020.000000
6010.000000
6000.000000
5992.922200
5980.000000
3030.000000
3022.002717
3010.000000
3000.000000
2990.000000
2990.000000
2982.628739
2990.000000
3000.000000
3010.000000
3020.000000
3030.000000
3030.000000
3030.000000
3020.000000
3010.000000
2994.595687
2980.000000
30.000000
23.676203
10.000000
0.000000
-10.000000
-17.502384
-20.000000
-10.000000
0.000000
8.680763
20.000000
30.000000
30.000000
20.140895
10.000000
0.000000
-10.000000
-20.000000
