-100.000000
-100.000000
-90.000000
-80.000000
-70.000000
-60.000000
-50.000000
-40.000000
-30.000000
-20.000000
-10.000000
0.000000
10.000000
20.000000
30.000000
40.000000
50.000000
60.000000
70.000000
80.000000
90.000000
96.741349
100.000000
100.000000
90.000000
80.000000
70.000000
60.000000
50.000000
40.000000
30.000000
20.339753
10.000000
0.000000
-10.000000
-20.000000
-30.000000
-40.000000
-50.000000
-60.000000
-70.000000
-79.754638
-88.641807
-100.000000
-100.000000
-100.000000
-90.000000
-80.000000
-70.000000
-60.000000
-50.000000
-42.898852
-31.197336
-20.000000
-10.000000
0.000000
10.000000
20.000000
30.000000
40.000000
50.000000
60.000000
70.000000
80.000000
90.000000
100.000000
100.000000
100.000000
90.000000
80.000000
70.000000
62.559108
50.000000
40.000000
30.000000
20.000000
10.000000
0.000000
-10.000000
-20.000000
-30.000000
-37.535195
-50.000000
-60.000000
-70.000000
-80.000000
-80.000000
-100.000000
-100.000000
-100.000000
-90.000000
-80.000000
-70.000000
-60.000000
-50.000000
-40.000000
-30.000000
-20.000000
-10.000000
0.000000
10.000000
20.000000
30.000000
40.000000
50.000000
60.000000
70.000000
80.000000
90.000000
100.000000
100.000000
100.000000
90.000000
80.000000
70.000000
60.000000
50.000000
40.000000
30.000000
20.000000
10.000000
0.000000
-9.812285
-20.000000
-30.000000
-40.000000
-50.000000
-60.000000
-70.000000
-80.000000
-90.000000
-100.000000
-100.000000
-100.000000
-90.000000
-80.000000
-70.000000
-60.000000
-50.000000
-40.000000
-30.513075
-21.616277
-10.000000
0.000000
10.000000
20.000000
30.000000
40.000000
50.000000
60.000000
69.675478
78.572263
90.000000
100.000000
100.000000
100.000000
90.000000
80.000000
70.000000
60.000000
52.988259
40.000000
30.000000
20.000000
10.000000
0.000000
-10.000000
-20.000000
-30.000000
-40.000000
-47.106061
-60.000000
-70.000000
-80.000000
-90.000000
-100.000000
-100.000000
-100.000000
-90.000000
-80.000000
-70.000000
-60.000000
-50.000000
-40.000000
-30.000000
-20.000000
-10.000000
0.000000
10.000000
20.000000
30.000000
40.000000
50.000000
60.000000
70.000000
80.000000
90.000000
100.000000
100.000000
100.000000
90.000000
80.000000
70.000000
60.000000
50.000000
40.000000
30.000000
20.000000
10.000000
0.000000
-10.000000
-20.000000
-30.000000
-40.000000
-50.000000
-60.000000
-70.000000
-80.000000
-90.000000
-90.000000
-100.000000
-100.000000
