-100.000000
-100.000000
-90.498623
-80.000000
-79.431778
-70.000000
-60.000000
-53.199851
-41.125268
-40.000000
-30.000000
-28.003095
-20.000000
-10.000000
-1.761736
10.000000
10.000000
20.000000
23.443568
30.000000
40.000000
50.000000
60.000000
60.728177
70.000000
80.000000
86.960090
90.000000
100.000000
100.000000
100.000000
95.773174
90.000000
81.619695
80.000000
80.000000
58.521392
50.000000
40.000000
32.308247
20.247830
20.000000
10.000000
7.125598
0.000000
-17.003929
-30.000000
-40.000000
-50.000000
-50.000000
-60.000000
-76.325170
-88.394320
-90.000000
-100.000000
-100.000000
-100.000000
-90.000000
-72.269751
-70.000000
-60.000000
-49.133177
-40.000000
-30.000000
-20.000000
-20.000000
-10.000000
0.000000
10.000000
10.000000
20.000000
28.536271
30.000000
40.000000
41.658461
50.000000
60.000000
60.000000
70.000000
80.000000
80.000000
100.000000
100.000000
100.000000
100.000000
100.000000
89.637252
80.000000
70.000000
63.419421
60.000000
50.000000
40.000000
38.242054
30.000000
14.112542
2.047620
-10.000000
-10.000000
-20.000000
-33.139348
-45.203943
-70.000000
-70.000000
-80.000000
-90.000000
-100.000000
-100.000000
-100.000000
-90.000000
-80.000000
-70.000000
-68.199257
-60.000000
-50.000000
-41.972003
-40.000000
-30.000000
-18.835723
-10.000000
-4.682580
0.000000
9.470423
10.000000
20.739864
40.000000
60.000000
76.769344
88.848160
90.000000
100.000000
100.000000
100.000000
90.000000
81.821157
80.000000
70.000000
70.000000
60.000000
54.555278
50.000000
40.000000
30.000000
29.377770
20.000000
10.000000
10.000000
-10.000000
-20.000000
-20.000000
-32.008160
-44.077649
-56.142378
-60.000000
-70.000000
-70.000000
-80.000000
-83.394113
-90.000000
-100.000000
-100.000000
-100.000000
-100.000000
-90.000000
-75.187047
-63.112978
-60.000000
-50.000000
-49.981346
-40.000000
-40.000000
-20.000000
-11.670375
-10.000000
0.000000
1.451832
13.535320
25.614332
30.000000
30.000000
60.000000
79.699858
90.000000
94.982513
100.000000
100.000000
100.000000
100.000000
90.000000
85.673154
80.000000
70.000000
60.000000
60.000000
50.000000
46.351949
40.000000
22.213004
10.143316
10.000000
-10.000000
-12.959837
-20.000000
-30.000000
-39.172960
-40.000000
-50.000000
-60.000000
-60.000000
-70.000000
-78.494159
-90.000000
-90.000000
-100.000000
-100.000000
-100.000000
-100.000000
-90.105990
-80.000000
-70.000000
-60.000000
50.000000
