-20.000000
-20.000000
-10.000000
0.000000
10.000000
20.000000
30.000000
30.000000
27.045642
14.971481
2.897207
-9.176917
-20.000000
-20.000000
-10.000000
0.000000
10.000000
20.000000
30.000000
2980.000000
2980.000000
2990.000000
2990.861247
3010.000000
3010.000000
3010.000000
3010.000000
3015.984235
3028.058283
3030.000000
3030.000000
3020.000000
3010.000000
3000.000000
2990.000000
2988.390248
2980.000000
5976.714973
5980.000000
5980.000000
5980.000000
5980.000000
5980.000000
5980.000000
5980.000000
5980.000000
5980.000000
5990.000000
5990.000000
6000.000000
6000.000000
6010.000000
6010.000000
6018.950548
6020.000000
6501.515478
6541.509734
6581.503989
6621.498245
6661.492501
6701.486757
6741.481012
6781.475268
6821.469524
6861.463780
6901.458035
6941.452291
6981.446547
7021.440803
7061.435059
7101.429314
7141.423570
7181.417826
8980.000000
8980.000000
8980.000000
8980.000000
8980.000000
8980.000000
8980.000000
8990.000000
8990.000000
8990.000000
8990.000000
8990.000000
9015.431320
9030.000000
9030.000000
9030.000000
9010.000000
9000.000000
9013.011078
9020.000000
9020.000000
9029.233561
9045.964240
9085.958496
9125.952752
9165.947008
9205.941263
9245.935519
9285.929775
9325.924031
9365.918287
9405.912542
9445.906798
9485.901054
9525.895310
9565.889565
11990.000000
11980.000000
11980.000000
11980.000000
11980.000000
11983.256151
11990.000000
11990.000000
11990.000000
12000.000000
12000.000000
12020.000000
12020.000000
12028.877007
12030.000000
12030.000000
12030.000000
12030.000000
9947.455137
9907.461232
9867.467624
9827.474017
9787.476050
9747.476834
9707.477617
9667.479189
9627.484081
9587.484825
9547.485568
9507.486311
9467.508700
9427.604541
9387.703459
9347.740837
9307.778216
9267.837575
5948.627410
5908.628905
5868.630399
5828.631894
5788.633388
5748.634883
5708.636377
5668.637872
5628.639366
5588.640861
5548.642355
5508.643850
5468.645344
5428.646839
5388.648333
5348.649828
5308.651322
5268.652817
1948.693875
1908.694122
1868.694220
1828.694442
1788.694582
1748.694780
1708.696541
1668.698670
1628.701405
1588.703215
1548.706460
1508.707901
1468.709055
1428.718620
1388.733290
1348.743489
1308.756800
-20.000000
