-20.000000
-20.000000
-10.000000
0.000000
10.000000
20.000000
30.000000
30.000000
<<<<<<< HEAD
26.959611
14.885449
2.811175
-9.262948
=======
27.045642
14.971481
2.897207
-9.176917
>>>>>>> 0b7d3a452a6bf1231fda0ceace1892f3abc8bffa
-20.000000
-20.000000
-10.000000
0.000000
10.000000
20.000000
30.000000
2980.000000
<<<<<<< HEAD
2990.000000
3000.000000
3010.000000
3010.000000
3020.000000
3030.000000
3026.082798
3014.008637
3001.934363
2990.000000
2980.000000
2980.000000
2990.000000
3000.000000
3010.000000
3020.000000
3020.000000
5980.000000
5990.000000
6000.000000
6010.000000
6020.000000
6030.000000
6030.000000
6030.000000
6018.981955
6006.907681
5994.833557
5982.759321
5980.000000
5990.000000
6000.000000
6010.000000
6020.000000
6030.000000
8980.000000
8987.650518
8999.597551
9010.000000
9010.000000
9030.000000
9030.000000
9030.000000
9020.000000
9010.000000
9000.000000
8987.944771
8980.000000
8986.203608
8998.277845
9010.000000
9020.000000
9030.000000
11980.000000
11980.000000
11980.000000
12000.000000
12003.756755
12010.000000
12017.905209
12020.000000
12028.429966
12030.000000
12030.000000
12030.000000
12020.000000
12010.000000
12010.000000
12000.000000
11997.562989
11990.000000
12020.075349
12030.000000
12030.000000
12030.000000
12030.000000
12024.734506
12010.000000
12010.000000
12000.000000
12000.000000
11990.000000
11990.000000
11980.000000
11980.000000
11982.696245
11990.000000
11991.871382
12008.918823
9129.369959
9089.400813
9049.697501
9010.778390
8991.345051
8980.000000
8980.000000
8990.000000
9000.000000
9000.000000
9010.000000
9020.000000
9030.000000
9028.887806
9016.813683
9004.739371
8992.665285
8980.591011
6030.000000
6026.907681
6014.833482
6002.759245
5990.685084
5980.000000
5980.000000
5990.000000
6000.000000
6010.000000
6010.000000
6020.000000
6030.000000
6028.227840
6016.153716
6004.079404
5992.005319
5980.000000
3030.000000
3026.459846
3014.385648
3002.311411
2990.237250
2980.000000
2980.000000
2990.000000
3000.000000
3010.000000
3020.000000
3020.000000
3030.000000
3027.780005
3015.705882
3003.631570
2991.557484
2980.000000
30.000000
26.016726
13.942527
1.868291
-10.000000
-20.000000
-20.000000
-10.000000
0.000000
10.000000
20.000000
30.000000
30.000000
27.336885
15.262762
3.188450
-8.885636
=======
2980.000000
2980.000000
3000.000000
3002.935332
3010.000000
3017.083786
3020.000000
3025.984103
3030.000000
3030.000000
3020.000000
3010.000000
3000.000000
3000.000000
2990.000000
2990.000000
2990.000000
5865.530942
5945.519454
5980.000000
5980.000000
5980.000000
5980.000000
5980.000000
5980.000000
5980.000000
5990.000000
5990.000000
6000.000000
6000.000000
6010.000000
6010.000000
6014.802188
6020.000000
6030.000000
6723.891872
6763.886128
6803.880384
6843.874639
6883.868895
6923.863151
6963.857407
7003.851662
7043.845918
7083.840174
7123.834430
7163.828685
7203.822941
7243.817197
7283.811453
7323.805708
7363.799964
7403.794220
8980.000000
8990.000000
8990.000000
8990.000000
8991.389220
9000.000000
9000.000000
9010.000000
9010.000000
9010.000000
9010.000000
9030.000000
9030.000000
9030.000000
9020.000000
9011.520800
9010.000000
9000.000000
9000.000000
9000.000000
9000.000000
9013.048771
9053.045168
9093.041565
9133.037962
9173.034359
9213.030756
9253.027153
9293.023551
9333.019948
9373.016345
9413.012742
9453.009139
9493.005536
9533.001933
9572.998330
11990.000000
11989.822139
11981.015007
11990.000000
11991.182028
12000.000000
12005.330369
12010.000000
12019.478748
12020.000000
12020.000000
12020.000000
12020.000000
12020.000000
12020.000000
12020.000000
12010.000000
12010.000000
9695.428324
9655.437527
9615.441305
9575.443743
9535.446669
9495.447442
9455.448215
9415.448988
9375.449761
9335.557974
9295.736218
9255.914462
9216.092707
9176.239579
9136.245187
9096.247651
9056.250116
9016.252580
5696.432202
5656.433190
5616.434179
5576.435168
5536.436157
5496.437146
5456.438135
5416.439123
5376.440112
5336.441101
5296.442090
5256.443079
5216.444068
5176.445056
5136.446045
5096.447034
5056.449474
5016.455541
1696.502004
1656.502262
1616.502412
1576.502659
1536.502848
1496.503084
1456.505692
1416.508844
1376.512905
1336.515611
1296.520449
1256.522625
1216.524415
1176.538690
1136.560446
1096.575536
1056.595166
>>>>>>> 0b7d3a452a6bf1231fda0ceace1892f3abc8bffa
-20.000000
