-100.000000
-100.000000
-96.763589
-80.000000
-78.889663
-63.397404
-50.000000
-48.139767
-32.648351
-30.000000
-17.395438
-4.514738
0.000000
13.359190
26.234283
30.000000
44.103485
59.591077
60.000000
72.241837
90.000000
90.115758
100.000000
100.000000
99.143717
83.660876
70.000000
70.000000
52.944676
50.000000
40.000000
22.223015
20.000000
6.979462
-5.886336
-10.000000
-21.125180
-36.607971
-40.000000
-51.846807
-69.935786
-70.000000
-85.179341
-100.000000
-100.000000
-100.000000
-91.218505
-88.836171
-73.344553
-70.000000
-58.086898
-42.594796
-40.000000
-29.953431
-14.461828
-10.000000
3.412121
16.287941
20.000000
31.545600
49.644053
50.000000
64.906419
80.000000
80.164070
95.660921
100.000000
100.000000
93.598745
80.000000
78.359922
65.493601
60.000000
47.643201
34.772517
30.000000
19.533694
1.439508
0.000000
-13.799310
-29.286299
-30.000000
-41.908826
-59.998288
-60.000000
-72.630239
-88.112523
-90.000000
-100.000000
-100.000000
-98.783862
-83.291935
-80.000000
-70.000000
-60.000000
-60.000000
-39.901096
-30.000000
-30.000000
-9.151571
0.000000
0.000000
20.000000
33.706531
40.000000
52.347570
60.000000
60.000000
83.096978
90.000000
90.000000
100.000000
90.670905
90.000000
72.820509
70.000000
57.581695
42.094571
40.000000
26.855756
11.373297
10.000000
-3.865517
-16.731633
-20.000000
-34.586743
-50.000000
-50.000000
-62.691720
-80.000000
-80.546829
-96.029242
-100.000000
-100.000000
-93.240145
-90.000000
-80.000000
-69.386790
-60.000000
-49.849353
-34.357379
-30.000000
-16.483415
-3.607965
0.000000
14.265997
29.748549
30.000000
42.399351
57.891088
60.273314
73.148754
80.000000
80.000000
100.000000
100.000000
98.242080
85.371455
80.000000
67.516331
54.649960
50.000000
39.411137
23.928917
20.000000
8.690090
-9.404143
-10.000000
-24.642965
-37.513616
-40.000000
-52.752442
-68.235081
-70.602847
-86.090197
-100.000000
-100.000000
-100.000000
-100.000000
-87.931593
-72.439457
-70.000000
-57.181801
-41.690237
-40.000000
-26.432588
-10.940436
-10.000000
1.700923
17.192468
20.000000
32.450114
47.942283
50.319341
63.199935
80.000000
80.000000
96.560684
100.000000
100.000000
95.311198
90.000000
80.000000
61.978743
60.000000
46.735172
33.868596
30.000000
18.629750
0.536122
0.000000
-12.091150
-30.000000
-30.000000
-42.812837
-60.000000
-60.000000
-73.533753
-90.000000
-91.384181
-100.000000
-100.000000
