0.000000
0.000000
30.000000
21.213203
0.000000
-21.213203
-30.000000
-21.213203
-21.213203
11.845010
30.000000
15.000000
10.606602
0.000000
-10.606602
-15.000000
-10.606602
0.000000
10.606602
15.000000
3000.000000
3027.903333
3021.213135
3003.711896
3000.000000
2977.214747
2978.786865
3000.000000
3017.353418
3021.213135
3015.000000
3010.606689
3000.000000
2989.393311
2989.393311
2989.393311
3000.000000
3010.606689
3010.606689
6000.000000
6000.000000
6000.000000
6000.000000
6000.000000
6000.000000
5988.447006
5989.734496
6000.000000
6017.775401
6015.000000
6010.606445
6000.000000
6000.000000
6000.000000
6000.000000
6000.000000
6000.000000
6015.000000
9000.000000
9000.000000
9003.042894
9021.212891
9003.629677
8975.187908
8970.000000
8972.929694
9000.000000
9000.000000
9005.788381
9011.761136
9006.926361
8989.393555
8985.000000
8985.000000
8990.871322
9010.606445
9015.000000
