-20.000000
-20.000000
-10.000000
0.000000
10.000000
20.000000
30.000000
30.000000
20.000000
10.000000
0.000000
-10.000000
-20.000000
-20.000000
-10.000000
-2.969020
10.000000
20.000000
30.000000
2980.000000
2990.000000
2990.000000
3010.000000
3020.000000
3022.104444
3030.000000
3030.000000
3020.000000
3010.000000
2995.023467
2980.000000
2980.000000
2984.461768
3000.000000
3010.000000
3010.000000
3017.976640
5980.000000
5984.862161
5990.949635
6008.256311
6020.000000
6030.000000
6030.000000
6020.565008
6010.000000
6010.000000
6005.323467
5980.000000
5980.000000
5990.000000
5994.485395
6010.000000
6010.000000
6030.000000
8980.000000
8990.000000
9000.000000
9000.000000
9011.709520
9030.000000
9030.000000
9027.848208
9010.541457
9010.000000
8990.000000
8990.000000
8980.000000
8980.000000
9000.000000
9000.000000
9000.843280
9020.000000
11980.000000
11980.000000
12000.000000
12010.000000
12010.996775
12028.303414
12030.000000
12030.000000
12027.824789
12000.517792
12000.000000
12000.000000
11980.000000
11990.000000
12000.000000
12000.000000
12006.409947
12030.000000
12030.000000
12030.000000
12021.923467
12000.000000
11990.000000
11990.000000
11980.000000
11990.000000
11990.000000
11991.076533
12018.067994
12029.764956
12030.000000
12028.060491
12010.753777
12000.000000
12000.000000
11995.590480
9030.000000
9020.000000
9010.000000
9010.000000
8994.783947
8980.000000
8980.000000
8980.000000
8996.394508
9010.000000
9020.000000
9020.266155
9030.000000
9026.339864
9020.000000
9017.957200
8991.248714
8980.000000
6030.000000
6030.000000
6010.000000
6000.000000
6000.000000
5984.656720
5980.000000
5990.000000
5994.721022
6010.000000
6020.000000
6020.000000
6020.000000
6030.000000
6016.316351
6000.000000
5992.922200
5980.000000
3087.739272
3038.324340
3010.000000
3000.000000
2998.130919
2980.824130
2980.000000
2990.000000
3000.000000
3010.000000
3020.000000
3020.000000
3029.835667
3030.000000
3020.000000
3006.292649
2994.595687
2980.000000
30.000000
23.676203
10.000000
0.000000
-10.000000
-17.502384
-20.000000
-10.000000
0.000000
8.680763
20.000000
30.000000
30.000000
20.140895
10.000000
0.000000
-10.000000
-20.000000
