-100.000000
-100.000000
-90.498623
-80.000000
-70.000000
-60.000000
-60.000000
-60.000000
-47.449804
-30.000000
-30.000000
-17.998836
0.000000
10.000000
20.000000
30.000000
30.000000
41.369339
60.000000
70.000000
80.000000
80.000000
90.000000
90.000000
100.000000
100.000000
100.000000
90.960134
90.000000
80.000000
60.000000
60.000000
50.000000
41.638498
40.000000
30.000000
28.530407
20.000000
10.000000
10.000000
0.000000
0.000000
-20.000000
-30.000000
-44.924729
-56.989830
-60.000000
-70.000000
-80.097600
-100.000000
-97.320363
-90.000000
-80.000000
-70.000000
-60.000000
-60.000000
-50.000000
-44.324850
-40.000000
-30.000000
-20.000000
-20.000000
-10.000000
-4.970697
0.000000
9.182112
10.000000
20.000000
22.309017
30.000000
40.000000
58.550658
60.000000
70.000000
71.677567
80.000000
80.000000
100.000000
100.000000
100.000000
100.000000
90.000000
80.000000
70.000000
60.685275
50.000000
39.656267
17.591508
5.521871
0.000000
-10.000000
-20.000000
-30.000000
-30.000000
-40.000000
-45.868624
-50.000000
-79.203291
-90.000000
-100.000000
-100.000000
-94.819350
-79.733364
-70.000000
-60.000000
-50.000000
-37.525217
-25.446255
-13.372145
0.000000
10.000000
10.000000
20.000000
25.539864
46.000881
50.000000
70.000000
80.000000
90.000000
100.000000
100.000000
100.000000
90.000000
70.000000
59.467313
50.000000
40.000000
33.254201
20.000000
10.000000
-10.000000
-20.000000
-33.978631
-50.000000
-58.112849
-60.000000
-70.000000
-91.225630
-100.000000
-100.000000
-100.000000
-100.000000
-90.000000
-79.429688
-67.350905
-50.000000
-50.000000
-50.000000
-20.000000
-10.000000
0.000000
10.000000
16.170471
28.254197
30.000000
40.000000
50.000000
60.000000
65.538903
77.617669
80.000000
90.000000
100.000000
100.000000
95.111954
90.000000
70.977727
50.000000
39.943824
30.000000
20.000000
10.000000
-17.424359
-30.000000
-50.000000
-61.423286
-73.487843
-95.552605
-100.000000
-90.299266
-80.000000
-79.246538
-57.162945
-40.000000
-30.000000
-20.936011
-10.000000
-9.869149
0.000000
0.000000
10.000000
28.437276
40.000000
60.000000
70.000000
73.652145
85.736072
90.000000
90.000000
100.000000
100.000000
100.000000
100.000000
92.841038
90.000000
70.000000
51.102896
40.000000
35.608078
20.000000
11.464401
0.000000
-10.000000
-21.634297
-33.703389
-50.000000
-60.000000
-69.907502
-80.000000
-80.946128
-93.015240
-100.000000
