0.000000
0.000000
30.000000
50.176470
89.960070
108.147541
147.933811
166.118106
205.908613
224.087892
263.884140
282.056635
321.860044
340.024081
379.835964
419.653678
440.585586
480.000000
498.552664
538.392486
556.518045
596.369960
614.481539
654.346142
672.442990
712.320687
730.402286
770.293285
810.000000
830.978865
870.000000
888.937118
928.863023
946.893000
986.831275
1004.846524
1044.796464
1062.797752
1102.758474
1120.746787
1160.717245
1200.000000
1221.333413
1260.000000
1279.280076
1319.270292
1337.224682
1377.219673
1395.167456
1435.165651
1453.108647
1493.108426
1511.048525
1551.048245
1590.000000
1611.628933
1650.000000
1669.565469
1709.557125
1723.739300
1758.585409
1773.906247
1813.885496
1831.884151
1871.854849
1890.000000
1929.823144
1950.000000
1987.790699
2027.734822
2048.459821
2088.390485
2106.435095
2146.353368
2164.410830
2204.315998
2222.387091
2262.278949
2280.363900
2320.242447
2340.000000
2378.206669
2418.064205
2438.929350
2478.773976
2496.903502
2536.736478
2554.878090
2594.700292
2612.852981
2652.665444
2670.828004
2710.631911
2730.000000
2768.599618
2808.392533
2829.365938
2869.153741
2887.338418
2927.122915
2945.310543
2985.093327
3003.282059
3043.064748
3061.252707
3101.036920
3120.000000
3159.009562
3198.799626
3219.776849
3259.572773
3277.744844
3317.547857
3335.711389
3375.522810
3393.676263
3433.497290
3451.639273
3491.470959
3510.000000
3549.443500
3589.294265
3610.163319
3650.027267
3668.123329
3708.000353
3726.081153
3765.971472
3784.036742
3823.940377
3841.990091
3881.906862
3900.000000
3939.870772
3960.000000
3997.831997
4037.780887
4058.469009
4098.429204
4116.416929
4156.386917
4174.362932
4214.341527
4232.307218
4272.293101
4290.250015
4330.241755
4350.000000
4388.187654
4428.185614
4448.775366
4488.775101
4506.715197
4546.714959
4572.467256
4612.465172
4622.592621
4662.587529
4680.000000
4710.000000
4710.000000
4740.799417
4780.782167
4820.762883
4860.736153
4890.000000
4929.396743
4950.000000
4987.365159
5010.000000
5045.332502
5070.000000
5103.299686
5130.000000
5161.266951
5201.172755
5221.961552
5261.853478
5280.000000
5319.817120
5340.000000
5377.781484
5400.000000
5435.746702
5460.000000
5493.712857
5520.000000
5551.679985
5591.502698
5612.428297
5652.240806
5670.403416
5710.207362
5730.000000
5768.175143
5790.000000
5826.144032
5850.000000
5856.913106
5896.699029
5936.483402
5970.000000
6000.055584
6039.838257
6060.828347
6100.612547
6120.000000
6158.585150
6180.000000
6216.557907
6240.000000
6274.530514
6300.000000
6332.502664
6360.000000
6390.474056
6430.294607
6451.214422
6491.046052
6510.000000
6549.018463
6570.000000
6606.989442
6630.000000
6664.958722
6690.000000
6722.926071
6750.000000
6780.891297
6820.794310
6841.564336
6881.481042
6900.000000
6939.444814
6960.000000
6997.405909
7020.000000
7055.364271
7080.000000
7113.319897
7140.000000
7171.272832
7211.251055
7231.880714
7271.866564
7290.000000
7329.815160
7350.000000
7387.761017
7410.000000
7445.704341
7470.000000
7503.645372
7530.000000
7561.584382
7601.582638
7622.166001
7662.160930
7680.000000
7710.000000
7739.441276
7743.044537
7783.027482
7823.005891
7860.000000
7886.325156
7920.000000
7944.297691
7971.332398
7986.663374
8026.606417
8066.543250
8087.275711
8127.199385
8133.553569
8160.592982
8190.000000
8215.841731
8255.736320
8280.000000
8316.426628
8356.298731
8377.142410
8416.999347
8456.849799
8477.723457
8517.561280
8524.025387
8551.068232
8582.000648
8621.817514
8661.628709
8700.000000
8725.161610
8760.000000
8760.000000
8795.718797
8835.510015
8875.298290
8910.000000
8926.117929
8965.901211
8972.433244
9000.000000
9030.000000
9054.645595
9094.429420
9120.000000
9155.203496
9194.992998
9210.000000
9244.105800
9283.904304
9316.527339
9356.335167
9374.495174
9414.312370
9420.792907
9450.000000
9480.000000
9503.028583
9542.869345
9570.000000
9603.602622
9643.464314
9664.308737
9704.185974
9744.069874
9764.880194
9804.778669
9811.144678
9840.000000
9870.000000
9893.422794
9933.349688
9960.000000
9994.011695
10033.959045
10054.646397
10094.606759
10134.572172
10155.230330
10195.205724
10201.462830
10230.000000
10260.000000
10283.772631
10323.763258
10350.000000
10384.361252
10424.359276
10464.358349
10487.592066
10527.592062
10533.811469
10573.810662
10591.750246
10631.747045
10650.000000
10689.681495
10710.000000
10740.000000
10770.000000
10794.016716
10833.992988
10873.964445
10913.929711
10920.456310
10955.298301
10995.247623
11035.190558
11040.000000
11068.546470
11100.000000
11100.000000
11139.139215
11179.052360
11218.955007
11258.848169
11287.808272
11310.000000
11343.038326
11370.000000
11401.004996
11440.857169
11461.734290
11490.000000
11516.940783
11556.769555
11580.000000
11617.504812
11657.316892
11678.258297
11700.000000
11733.440320
11773.236717
11794.205350
11820.000000
11849.379630
11880.000000
11907.350308
11947.133967
11970.000000
12000.000000
11976.707326
11961.320805
11940.000000
11906.150898
11866.365196
11845.380875
11805.591027
11765.797926
11760.000000
11732.235629
11692.433592
11670.000000
11640.000000
11616.294713
11576.475376
11550.000000
11515.725910
11490.000000
11484.994188
11445.147579
11405.294460
11370.000000
11341.819729
11301.944383
11280.000000
11250.000000
11225.891286
11185.989831
11160.000000
11125.305466
11100.000000
11067.343888
11027.407770
11006.697949
10980.000000
10951.428449
10911.469570
10890.000000
10860.000000
10835.522913
10795.545617
10770.000000
10734.931362
10694.942169
10674.333444
10650.000000
10619.038514
10589.436324
10549.437407
10530.000000
10491.455199
10461.754685
10421.755615
10381.757733
10361.113826
10321.119452
10314.853686
10274.864131
10245.160004
10205.177509
10198.897111
10170.000000
10159.215900
10119.248257
10080.000000
10042.984458
10013.256733
9973.313882
9933.377017
9912.644442
9872.720768
9866.366602
9839.327202
9810.000000
9784.078476
9744.183902
9720.000000
9683.493619
9643.621532
9622.777869
9582.920940
9543.070503
9522.196868
9482.359045
9475.894954
9448.852119
9420.000000
9393.657760
9353.843380
9330.000000
9293.096840
9253.296606
9232.334048
9192.541415
9152.751459
9131.774044
9091.988474
9073.802505
9034.019223
9027.487191
9000.000000
8970.000000
8945.274838
8905.491010
8880.000000
8844.716928
8804.927421
8768.403919
8728.606773
8700.000000
8667.841619
8640.000000
8609.870143
8580.000000
8551.899723
8520.000000
8509.494117
8469.655399
8451.531185
8411.679883
8371.821916
8350.961952
8311.090680
8304.685460
8277.654965
8250.000000
8222.418791
8190.000000
8176.150155
8136.237196
8100.000000
8063.868522
8023.932915
8003.222623
7963.273161
7923.317971
7902.639317
7862.672942
7844.689719
7804.714325
7798.457208
7770.000000
7740.000000
7716.147389
7676.156756
7650.000000
7615.558208
7575.560436
7535.561448
7495.561530
7470.000000
7430.928621
7410.000000
7372.950781
7350.000000
7314.974741
7290.000000
7257.000217
7230.000000
7199.026918
7159.051187
7138.374122
7098.407838
7080.000000
7040.440726
7020.000000
6982.472881
6960.000000
6924.506950
6900.000000
6866.539210
6840.000000
6808.572222
6768.673238
6747.873361
6707.988287
6689.896538
6650.024702
6630.000000
6592.060311
6570.000000
6534.095002
6510.000000
6476.128707
6450.000000
6418.161411
6390.000000
6360.193141
6320.384798
6299.434907
6259.634859
6240.000000
6201.666690
6180.000000
6143.697442
6120.000000
6085.727290
6060.000000
6027.756443
6000.000000
5969.785136
5930.001920
5909.013089
5869.227484
5850.000000
5811.254633
5790.000000
5753.281733
5730.000000
5695.309093
5670.000000
5637.337022
5610.000000
5579.365818
5539.539937
5518.629736
5478.792271
5460.000000
5420.820173
5400.000000
5362.849627
5340.000000
5304.880889
5280.000000
5246.914177
5220.000000
5188.949670
5149.039866
5128.282215
5088.358891
5070.000000
5030.396076
5010.000000
4972.435995
4950.000000
4914.478682
4890.000000
4856.524122
4830.000000
4798.572251
4758.590079
4737.968105
4697.979057
4680.000000
4640.031715
4606.541318
4566.543174
4548.559129
4508.559366
4490.578140
4455.728092
4432.598110
4397.748766
4374.618795
4339.770278
4299.778171
4281.792381
4241.806061
4223.814833
4183.835523
4165.837410
4125.866908
4107.859907
4067.898786
4042.078180
4007.238162
3984.102329
3949.263938
3909.333294
3891.289398
3851.371472
3833.314424
3793.409610
3775.338939
3735.447437
3717.362908
3677.484715
3659.386338
3619.521251
3600.000000
3561.556903
3521.712067
3500.825871
3460.993196
3442.851924
3403.029996
3384.877615
3345.065394
3326.903103
3287.099404
3268.928580
3229.132094
3210.000000
3171.163574
3131.375685
3110.393833
3070.609402
3052.421829
3012.639066
2994.450337
2954.667625
2936.479615
2896.695336
2878.509926
2838.722483
2820.000000
2780.749366
2740.953533
2719.986491
2680.183269
2662.019472
2622.207808
2604.054050
2564.232750
2546.090428
2506.258442
2488.128775
2448.285212
2430.000000
2390.313368
2370.000000
2332.343189
2292.466368
2271.645266
2231.754590
2213.688899
2190.000000
2185.728846
2145.815586
2105.899023
2065.971323
2039.833126
1999.891093
1980.000000
1941.931960
1901.971918
1881.304900
1841.334665
1823.358379
1783.379571
1765.413652
1725.427595
1707.470499
1667.478625
1649.528672
1609.532278
1579.929979
1539.930869
1500.000000
1479.284822
1440.000000
1421.305158
1381.307425
1363.326691
1323.332466
1305.349162
1265.360005
1247.372317
1207.389710
1189.395909
1149.421231
1110.000000
1088.770956
1050.000000
1030.798379
990.850540
972.825862
932.889839
914.853205
874.929668
856.880246
816.969675
798.906858
759.009537
720.000000
698.313292
660.000000
640.343157
600.480957
582.372350
542.522741
524.400864
484.563214
466.428737
426.602239
408.456049
368.639729
350.482921
310.675654
270.873350
249.918635
210.123577
191.947258
152.157660
133.975579
94.189923
76.003815
36.220526
0.000000
