-100.000000
-100.000000
-90.000000
-90.000000
-80.000000
-70.000000
-70.000000
-48.347903
-40.000000
-20.000000
-10.000000
-10.000000
10.000000
10.000000
30.000000
40.000000
40.000000
60.000000
70.000000
80.000000
90.000000
90.000000
100.000000
100.000000
90.000000
90.000000
70.000000
60.000000
60.000000
60.000000
38.321482
20.000000
10.000000
0.000000
-10.000000
-20.000000
-30.000000
-40.000000
-50.000000
-50.000000
-50.000000
-70.508294
-90.000000
-100.000000
-100.000000
-100.000000
-90.000000
-80.000000
-70.000000
-60.000000
-60.000000
-40.000000
-40.000000
-20.000000
-10.000000
0.000000
10.000000
20.000000
20.000000
20.000000
41.948250
50.000000
50.000000
50.000000
67.561461
90.000000
100.000000
100.000000
90.000000
90.000000
90.000000
90.000000
67.488329
50.000000
30.000000
30.000000
30.000000
8.953875
-10.000000
-10.000000
-30.000000
-40.000000
-40.000000
-60.000000
-60.000000
-60.000000
-60.000000
-80.472422
-100.000000
-100.000000
-90.000000
-90.000000
-70.000000
-60.000000
-60.000000
-60.000000
-38.791974
-20.000000
-20.000000
0.000000
0.000000
20.000000
20.000000
39.969134
40.000000
40.000000
40.000000
63.761228
90.000000
100.000000
100.000000
100.000000
90.000000
90.000000
70.000000
60.000000
60.000000
40.000000
30.000000
20.000000
10.000000
0.000000
-10.000000
-10.000000
-10.000000
-10.000000
-33.692440
-50.000000
-70.000000
-70.000000
-70.000000
-92.262927
-100.000000
-100.000000
-100.000000
-83.610309
-70.000000
-60.000000
-60.000000
-40.000000
-30.000000
-30.000000
-30.000000
-8.827437
0.000000
0.000000
0.000000
23.767380
50.000000
60.000000
70.000000
80.000000
90.000000
100.000000
100.000000
100.000000
90.000000
80.000000
70.000000
60.000000
50.000000
50.000000
50.000000
27.636293
10.000000
10.000000
10.000000
-12.597426
-30.000000
-40.000000
-50.000000
-60.000000
-70.000000
-70.000000
-90.000000
-100.000000
-100.000000
-100.000000
-90.000000
-90.000000
-90.000000
-69.347894
-50.000000
-50.000000
-30.000000
-30.000000
-30.000000
-6.931656
10.000000
10.000000
10.000000
32.093578
50.000000
60.000000
70.000000
80.000000
80.000000
100.000000
100.000000
100.000000
90.000000
80.000000
80.000000
80.000000
80.000000
56.660434
30.000000
30.000000
10.000000
10.000000
-10.000000
-20.000000
-30.000000
-30.000000
-50.000000
-50.000000
-50.000000
-50.000000
-73.865817
-100.000000
-100.000000
-100.000000
