0.000000
0.000000
1.525231
3.389112
4.310326
2.323864
-1.508931
-4.919020
-5.145110
-0.396658
5.708600
9.632418
11.392966
4.678320
-10.606602
-14.389416
-10.606602
0.000000
10.413634
15.000000
3000.000000
3000.000000
3030.000000
3021.213135
3000.000000
2978.786865
2970.000000
2970.000000
2979.025423
3009.789928
3021.213135
3021.213135
3028.635921
3015.000000
3010.606689
3010.606689
2998.635764
2989.393311
2985.000000
6000.000000
6000.000000
6000.000000
6022.348333
6021.213379
6021.213379
6012.967855
6000.000000
6000.000000
5980.578867
5970.000000
5970.000000
5978.786621
5985.439991
6000.000000
6000.000000
6021.213379
6021.213379
6015.000000
6015.000000
6015.000000
6015.000000
6015.000000
6015.000000
6015.000000
6015.000000
6015.000000
6015.000000
6015.000000
6015.000000
6015.000000
6015.000000
6015.000000
6015.000000
6015.000000
6015.000000
6015.000000
9015.000000
