-20.000000
-20.000000
-10.000000
0.000000
10.000000
20.000000
30.000000
30.000000
<<<<<<< HEAD
26.959611
14.885449
2.811175
-9.262948
=======
27.045642
20.000000
12.897301
0.828919
-10.000000
>>>>>>> 0b7d3a452a6bf1231fda0ceace1892f3abc8bffa
-20.000000
-20.000000
-10.000000
0.000000
10.000000
20.000000
<<<<<<< HEAD
30.000000
2980.000000
2990.000000
3000.000000
3010.000000
3010.000000
3020.000000
3030.000000
3026.082798
3014.008637
3001.934363
2990.000000
2980.000000
2980.000000
2990.000000
3000.000000
3010.000000
3020.000000
3020.000000
5980.000000
5990.000000
6000.000000
6010.000000
6020.000000
6030.000000
6030.000000
6030.000000
6018.981955
6006.907681
5994.833557
5982.759321
5980.000000
5990.000000
6000.000000
6010.000000
6020.000000
6030.000000
8980.000000
8987.523239
8999.597551
9010.000000
9020.000000
9030.000000
9030.000000
9030.000000
9020.000000
9010.000000
9000.000000
8987.944771
8980.000000
8986.330887
8998.277845
9010.000000
9020.000000
9030.000000
11980.000000
11982.507495
11994.581807
12000.000000
12003.756755
12020.000000
12020.000000
12029.979257
12030.000000
12030.000000
12020.000000
12020.000000
12010.000000
12000.000000
12000.000000
12000.000000
11990.750969
11989.484584
12030.000000
12030.000000
12030.000000
12028.882866
12020.000000
12020.000000
12005.089321
12000.000000
11990.000000
11980.000000
11980.000000
11980.000000
11990.000000
11990.000000
12000.000000
12000.000000
12010.000000
12013.945562
9030.000000
9027.567647
9015.493448
9003.419212
8991.345051
8980.000000
8980.000000
8990.000000
9000.000000
9000.000000
9010.000000
9020.000000
9030.000000
9028.887806
9016.813683
9004.739371
8992.665285
8980.591011
6030.000000
6030.000000
6022.693467
6002.759245
5990.685084
5980.000000
5980.000000
5990.000000
6000.000000
6010.000000
6010.000000
6020.000000
6030.000000
6028.227840
6016.153716
6004.079404
5992.005319
5980.000000
3030.000000
3026.459846
3014.385648
3002.311411
2990.237250
2980.000000
2980.000000
2990.000000
3000.000000
3010.000000
3020.000000
3020.000000
3030.000000
3027.780005
3015.705882
3003.631570
3000.000000
2985.127147
30.000000
26.016726
13.942527
1.868291
-10.000000
-20.000000
-20.000000
-10.000000
0.000000
10.000000
20.000000
30.000000
30.000000
27.336885
15.262762
3.188450
-8.885636
=======
2980.000000
2980.000000
2990.000000
2990.861247
3010.000000
3010.000000
3010.000000
3013.910055
3025.984103
3030.000000
3020.000000
3010.000000
3010.000000
3000.000000
3000.000000
2990.000000
2980.000000
2980.000000
5980.000000
5980.000000
5980.000000
5980.000000
5980.000000
5980.000000
5980.000000
5980.000000
5980.000000
5980.000000
5990.000000
5993.934804
6000.000000
6000.000000
6010.000000
6010.000000
6010.000000
6020.000000
6560.821960
6600.816216
6640.810471
6680.804727
6720.798983
6760.793239
6800.787494
6840.781750
6880.776006
6920.770262
6960.764517
7000.758773
7040.753029
7080.747285
7120.741541
7160.735796
7200.730052
7240.724308
8980.000000
8980.000000
8980.000000
8980.000000
8980.000000
8980.000000
8980.000000
8980.000000
8980.000000
8980.000000
8999.564467
9020.182292
9030.000000
9030.000000
9030.000000
9030.000000
9015.841332
9000.000000
8990.000000
8996.822589
9027.159381
9030.000000
9030.000000
9030.000000
9030.000000
9030.000000
9030.000000
9030.000000
9030.000000
9030.000000
9030.000000
9030.000000
9030.000000
9030.000000
9030.000000
9030.000000
11440.055792
11480.053262
11520.037885
11560.019704
11600.017971
11640.016785
11680.015599
11719.961691
11759.758897
11799.556103
11839.353308
11879.150514
11918.577636
11957.920052
11997.262468
12010.000000
12010.000000
12002.827599
9732.511483
9692.517403
9652.517548
9612.518803
9572.525675
9532.530478
9492.530483
9452.530488
9412.530493
9372.537515
9332.549101
9292.560687
9252.572273
9212.746231
9173.064796
9133.439005
9094.222343
9054.382849
8874.160197
8834.163823
8794.167452
8754.172757
8714.173495
8674.174233
8634.174975
8594.176197
8554.178193
8514.180190
8474.181893
8434.182607
8394.183320
8354.183550
8314.183673
8274.183796
8234.183916
8194.184034
4874.265759
4834.266521
4794.267237
4754.267647
4714.268407
4674.269084
4634.269839
4594.270384
4554.270528
4514.270531
4474.270578
4434.270596
4394.270607
4354.270677
4314.270686
4274.270758
4234.270947
>>>>>>> 0b7d3a452a6bf1231fda0ceace1892f3abc8bffa
-20.000000
