-20.000000
-20.000000
-10.000000
0.000000
10.000000
20.000000
30.000000
30.000000
<<<<<<< HEAD
26.959611
14.885449
2.811175
-9.262948
=======
27.045642
14.971481
2.897207
-9.176917
>>>>>>> 0b7d3a452a6bf1231fda0ceace1892f3abc8bffa
-20.000000
-20.000000
-10.000000
0.000000
10.000000
20.000000
30.000000
2980.000000
<<<<<<< HEAD
2990.000000
3000.000000
3010.000000
3010.000000
3020.000000
3030.000000
3026.082798
3014.008637
3001.934363
2990.000000
2980.000000
2980.000000
2990.000000
3000.000000
3010.000000
3020.000000
3020.000000
5980.000000
5990.000000
6000.000000
6010.000000
6020.000000
6030.000000
6030.000000
6030.000000
6018.981955
6006.907681
5994.833557
5982.759321
5980.000000
5990.000000
6000.000000
6010.000000
6020.000000
6030.000000
8980.000000
8987.523239
8999.597551
9010.000000
9020.000000
9030.000000
9030.000000
9030.000000
9020.000000
9010.000000
9000.000000
8987.944771
8980.000000
8986.203608
8998.277845
9010.000000
9020.000000
9030.000000
11980.000000
11980.000000
11990.000000
11991.682669
12000.000000
12005.830935
12010.000000
12028.503058
12030.000000
12030.000000
12030.000000
12020.000000
12020.000000
12008.543454
12000.000000
11999.637169
11990.000000
11982.947581
12030.000000
12030.000000
12020.000000
12018.882847
12010.000000
12004.734430
12000.000000
11982.251820
11980.000000
11980.000000
11980.000000
11990.000000
11990.000000
12000.890804
12010.000000
12010.000000
12020.000000
12026.803490
9030.000000
9027.567647
9015.493448
9003.419212
8991.345051
8980.000000
8980.000000
8990.000000
9000.000000
9000.000000
9010.000000
9020.000000
9030.000000
9028.887806
9016.813683
9004.739371
8992.665285
8980.591011
6030.000000
6030.000000
6022.693467
6002.759245
5990.685084
5980.000000
5980.000000
5990.000000
6000.000000
6010.000000
6010.000000
6020.000000
6030.000000
6028.227840
6016.153716
6004.079404
5992.005319
5980.000000
3030.000000
3026.459846
3014.385648
3002.311411
2990.237250
2980.000000
2980.000000
2990.000000
3000.000000
3010.000000
3020.000000
3020.000000
3030.000000
3027.780005
3015.705882
3003.631570
2991.557484
2980.000000
30.000000
26.016726
13.942527
1.868291
-10.000000
-20.000000
-20.000000
-10.000000
0.000000
10.000000
20.000000
30.000000
30.000000
27.336885
15.262762
3.188450
-8.885636
=======
2980.000000
2990.000000
2990.861247
3000.000000
3010.000000
3010.000000
3010.000000
3015.984235
3028.058283
3030.000000
3030.000000
3030.000000
3020.000000
3010.000000
3000.000000
2990.000000
2980.000000
5976.714973
5980.000000
5980.000000
5980.000000
5980.000000
5980.000000
5980.000000
5980.000000
5980.000000
5980.000000
5980.000000
5990.000000
6000.000000
6010.000000
6010.000000
6020.000000
6020.000000
6030.000000
6597.883304
6637.877559
6677.871815
6717.866071
6757.860327
6797.854582
6837.848838
6877.843094
6917.837350
6957.831605
6997.825861
7037.820117
7077.814373
7117.808628
7157.802884
7197.797140
7237.791396
7277.785651
9000.000000
9000.000000
9000.000000
9000.000000
9020.000000
9020.000000
9025.537448
9030.000000
9030.000000
9030.000000
9030.000000
9030.000000
9030.000000
9030.000000
9030.000000
9030.000000
9015.365069
8980.000000
9083.559090
9123.555438
9163.551787
9203.548135
9243.544483
9283.540831
9323.537179
9363.533528
9403.529876
9443.526224
9483.522572
9523.518920
9563.515269
9603.511617
9643.507965
9683.504313
9723.500661
9763.497010
11990.000000
11980.000000
11980.000000
11980.000000
11986.418097
11990.000000
12000.000000
12000.000000
12000.000000
12015.499853
12030.000000
12030.000000
12030.000000
12030.000000
12030.000000
12026.976034
12020.000000
12012.821763
9873.338233
9833.344044
9793.350276
9753.357854
9713.365529
9673.373532
9633.381425
9593.381794
9553.382164
9513.389111
9473.400344
9433.474101
9393.568434
9353.654312
9313.739236
9273.824160
9233.906682
9193.960555
5874.091879
5834.092666
5794.093453
5754.094240
5714.095027
5674.095814
5634.096601
5594.097388
5554.098175
5514.098962
5474.099749
5434.100536
5394.101323
5354.102111
5314.102898
5274.103685
5234.104472
5194.105259
1874.118029
1834.118163
1794.118332
1754.118484
1714.118657
1674.118825
1634.121185
1594.124077
1554.127722
1514.130231
1474.134515
1434.136577
1394.138292
1354.150115
1314.167862
1274.180377
1234.196494
>>>>>>> 0b7d3a452a6bf1231fda0ceace1892f3abc8bffa
-20.000000
