-100.000000
-100.000000
-100.000000
-80.000000
-80.000000
-60.000000
-50.000000
-50.000000
-50.000000
-20.000000
-10.000000
0.000000
10.000000
10.000000
20.000000
40.000000
40.000000
40.000000
60.000000
80.000000
80.000000
100.000000
100.000000
100.000000
100.000000
100.000000
80.000000
60.000000
60.000000
60.000000
40.000000
20.000000
20.000000
0.000000
0.000000
-20.000000
-20.000000
-40.000000
-40.000000
-60.000000
-60.000000
-70.000000
-90.000000
-90.000000
-100.000000
-100.000000
-90.000000
-80.000000
-80.000000
-70.000000
-50.000000
-50.000000
-30.000000
-20.000000
-10.000000
-10.000000
-10.000000
10.000000
10.000000
31.519673
40.000000
40.000000
61.797758
70.000000
90.000000
100.000000
100.000000
100.000000
100.000000
100.000000
70.000000
60.000000
50.000000
40.000000
40.000000
30.000000
10.000000
10.000000
10.000000
-10.000000
-30.000000
-30.000000
-40.000000
-60.000000
-60.000000
-80.000000
-80.000000
-100.000000
-100.000000
-100.000000
-100.000000
-80.000000
-80.000000
-70.000000
-50.000000
-40.000000
-30.000000
-20.000000
-20.000000
-20.000000
0.000000
20.000000
20.000000
40.000000
40.000000
59.570940
60.000000
60.000000
80.000000
100.000000
100.000000
100.000000
90.000000
90.000000
70.000000
70.000000
70.000000
70.000000
40.000000
40.000000
19.011944
10.000000
-10.000000
-20.000000
-20.000000
-40.000000
-40.000000
-50.000000
-70.000000
-80.000000
-80.000000
-100.000000
-100.000000
-100.000000
-100.000000
-100.000000
-80.000000
-80.000000
-60.000000
-40.000000
-40.000000
-40.000000
-18.332236
-10.000000
10.000000
10.000000
20.000000
20.000000
40.000000
60.000000
60.000000
70.000000
90.000000
100.000000
100.000000
100.000000
100.000000
90.000000
70.000000
60.000000
60.000000
60.000000
30.000000
20.000000
10.000000
10.000000
0.000000
-20.000000
-30.000000
-40.000000
-40.000000
-40.000000
-60.000000
-80.000000
-80.000000
-100.000000
-100.000000
-100.000000
-90.000000
-80.000000
-80.000000
-80.000000
-60.000000
-50.000000
-30.000000
-20.000000
-20.000000
-10.000000
10.000000
10.000000
10.000000
30.000000
30.000000
50.000000
70.000000
70.000000
70.000000
90.000000
90.000000
90.000000
100.000000
80.000000
70.000000
70.000000
50.000000
40.000000
30.000000
30.000000
20.000000
20.000000
0.000000
-20.000000
-20.000000
-30.000000
-30.000000
-30.000000
-60.000000
-70.000000
-70.000000
-90.000000
-100.000000
-100.000000
