-20.000000
-20.000000
-10.000000
0.000000
10.000000
20.000000
30.000000
30.000000
<<<<<<< HEAD
26.959611
14.885449
2.811175
-9.262948
=======
27.045642
14.971481
2.897207
-9.176917
>>>>>>> 0b7d3a452a6bf1231fda0ceace1892f3abc8bffa
-20.000000
-20.000000
-10.000000
0.000000
10.000000
20.000000
30.000000
2980.000000
2990.000000
3000.000000
3010.000000
3010.000000
3020.000000
<<<<<<< HEAD
3030.000000
3026.082798
3014.008637
3001.934363
2990.000000
2980.000000
2980.000000
2990.000000
3000.000000
3010.000000
3020.000000
3020.000000
5980.000000
5990.000000
6000.000000
6010.000000
6020.000000
6030.000000
6030.000000
6030.000000
6018.981955
6006.907681
5994.833557
5982.759321
5980.000000
5990.000000
6000.000000
6010.000000
6020.000000
6030.000000
8980.000000
8987.523239
8999.597551
9010.000000
9020.000000
9030.000000
9030.000000
9030.000000
9020.000000
9010.000000
9000.000000
8987.944771
8980.000000
8986.203608
8998.277845
9010.000000
9020.000000
9030.000000
11980.000000
11980.000000
11990.000000
11991.682669
12000.000000
12005.830935
12010.000000
12028.503058
12030.000000
12030.000000
12020.000000
12010.000000
12010.000000
12008.699018
11986.469274
11980.000000
11980.000000
11980.000000
12030.000000
12030.000000
12020.000000
12018.882847
12010.000000
12004.734430
12000.000000
11982.251820
11980.000000
11980.000000
11990.000000
11990.000000
11990.000000
12000.000000
12000.000000
12010.000000
12018.822971
12030.000000
9030.000000
9027.440368
9015.366169
9003.419212
8991.345051
8980.000000
8980.000000
8990.000000
9000.000000
9000.000000
9010.000000
9020.000000
9030.000000
9028.887806
9016.813683
9004.739371
8992.665285
8980.591011
6030.000000
6026.907681
6014.833482
6002.759245
5990.685084
5980.000000
5980.000000
5990.000000
6000.000000
6010.000000
6010.000000
6020.000000
6030.000000
6028.227840
6016.153716
6004.079404
5992.005319
5980.000000
3030.000000
3026.459846
3014.385648
3002.311411
2990.237250
2980.000000
2980.000000
2990.000000
3000.000000
3010.000000
3020.000000
3020.000000
3030.000000
3027.780005
3015.705882
3003.631570
2991.557484
2980.000000
30.000000
26.016726
13.942527
1.868291
-10.000000
-20.000000
-20.000000
-10.000000
0.000000
10.000000
20.000000
30.000000
30.000000
27.336885
15.262762
3.188450
-8.885636
=======
3027.077762
3030.000000
3030.000000
3030.000000
3020.000000
3020.000000
3000.000000
2990.000000
2990.000000
2980.000000
2980.000000
2980.000000
5976.714973
5980.000000
5980.000000
5980.000000
5980.000000
5980.000000
5980.000000
5980.000000
5980.000000
5980.000000
5980.000000
5990.000000
6000.000000
6000.000000
6010.000000
6010.000000
6018.950548
6020.000000
6030.000000
6030.000000
6030.000000
6030.000000
6030.000000
6030.000000
6030.000000
6030.000000
6030.000000
6030.000000
6030.000000
6030.000000
6030.000000
6030.000000
6030.000000
6030.000000
6030.000000
6030.000000
9030.000000
9030.000000
9030.000000
9030.000000
9030.000000
9030.000000
9030.000000
9030.000000
9030.000000
9030.000000
9030.000000
9030.000000
9020.000000
9020.000000
9020.000000
9020.000000
9010.000000
9010.000000
8980.000000
8980.000000
8980.000000
8980.000000
8990.000000
8990.000000
8990.000000
8990.000000
8990.000000
9005.019212
9020.000000
9020.000000
9030.000000
9030.000000
9038.257014
9078.251270
9118.245526
9158.239781
12000.000000
12010.000000
12010.000000
12010.000000
12030.000000
12030.000000
12030.000000
12030.000000
12030.000000
12030.000000
12030.000000
12020.000000
12010.000000
12010.000000
12000.000000
12000.000000
12000.000000
12000.000000
9428.597749
9388.623013
9348.648278
9308.673542
9268.698807
9228.727822
9188.757403
9148.892113
9109.404611
9070.140358
9030.876105
9010.000000
9010.000000
9000.000000
9000.000000
9000.000000
8990.000000
8990.000000
8454.190774
8414.191583
8374.191719
8334.192507
8294.193294
8254.193915
8214.194202
8174.194994
8134.195786
8094.196189
8054.196685
8014.197483
7974.198282
7934.199080
7894.199878
7854.200676
7814.201474
7774.202273
4454.276273
4414.277337
4374.278400
4334.279357
4294.279849
4254.280532
4214.281598
4174.282550
4134.283606
4094.284662
4054.285303
4014.285407
3974.285408
3934.285514
3894.285622
3854.285639
3814.285758
>>>>>>> 0b7d3a452a6bf1231fda0ceace1892f3abc8bffa
-20.000000
