0.000000
0.000000
30.000000
21.213203
0.000000
-21.213203
-30.000000
-30.000000
-30.000000
0.541807
30.000000
15.000000
10.606602
0.000000
-10.606602
-15.000000
-10.606602
0.000000
10.606602
15.000000
3000.000000
3027.903333
3021.213135
3003.711896
3000.000000
2977.214747
2978.786865
3000.000000
3017.353418
3021.213135
3015.000000
3010.606689
3000.000000
2989.393311
2985.000000
2989.393311
3000.000000
3010.606689
3015.000000
6000.000000
6012.791667
6025.400907
6021.213379
5995.923499
5970.819969
5976.252257
5989.742195
6000.000000
6017.775401
6030.000000
6030.000000
6030.000000
6001.759295
5989.393555
5989.393555
6000.000000
6000.000000
6015.000000
9000.000000
9008.783333
9030.000000
9014.398952
9000.000000
9000.000000
8996.700081
8985.750766
9018.981574
9027.880668
9017.056787
9011.761136
9010.606445
8989.393555
8989.393555
8989.393555
8997.064790
9000.000000
9015.000000
