0
-8.6478
-10
0
10
20
30
30
20
10
0
-10
-20
-20
-10
0
10
20
30
2980
2990
3000
3010
3020
3030
3030
3020
3010
3000
2990
2980
2980
2990
3000
3010
3020
3030
5980
5990
6000
6010
6020
6030
6030
6020
6010
6000
5990
5980
5980
5990
6000
6010
6020
6030
8580.71
8608.05
8662.73
8690.08
8744.75
8772.1
8826.55
8853.86
8908.2
8935.54
8989.12
8980
8980
8990
9000
9010
9020
9030
9112.03
11980
11990
12000
12010
12020
12030
12030
12020
12010
12000
11990
11980
11980
11990
12000
12010
12020
12030
12030
12020
12010
12000
11990
11980
11990
12000
12020
12030
12030
12020
12010
12000
11990
11980
9030
9020
9010
9000
8990
8980
8980
8990
9000
9010
9020
9030
9021.35
9010
8990
6030
6020
6010
6000
5990
5980
5980
5990
6000
6010
6020
6030
6030
6020
6010
6000
5990
5980
3030
3020
3010
3000
2990
2980
2980
2990
3000
3010
3020
3030
3030
3020
3010
3000
2990
2980
30
20
10
0
-10
-20
-20
-10
0
10
20
30
30
20
10
0
-10
-20.000000
