0.000000
0.000000
30.000000
21.213203
0.000000
-21.213203
-30.000000
-21.213203
-21.213203
12.178313
30.000000
15.000000
10.606602
10.606602
-10.606602
-15.000000
-10.606602
0.000000
10.606602
15.000000
3000.000000
3000.000000
3018.668507
3000.971426
2978.786865
2970.000000
2978.786865
2978.786865
3000.559877
3021.213135
3015.000000
3015.000000
3000.000000
2989.393311
2989.393311
2989.393311
3000.000000
3010.606689
3010.606689
6000.000000
6000.000000
6008.733983
6021.213379
5989.258901
5970.692424
5976.379804
5978.786621
5978.786621
6002.319246
6015.000000
6015.000000
6002.915199
5989.393555
5985.000000
5988.310164
5989.393555
5989.393555
6015.000000
6034.157972
6074.157972
6114.157136
6154.155502
6194.153366
6234.151230
6274.149238
6314.147806
6354.146373
6394.145548
6434.145546
6474.145485
6514.145187
6554.144885
6594.144707
6634.144551
6674.144055
6714.143559
9015.000000
