0.000000
0.000000
30.000000
21.213203
0.000000
-21.213203
-30.000000
-21.213203
-21.213203
12.178313
30.000000
15.000000
10.606602
0.000000
-10.606602
-15.000000
-10.606602
0.000000
10.606602
15.000000
3000.000000
3030.000000
3021.213135
3021.213135
2987.976618
2970.000000
2978.786865
3000.000000
3017.661350
3030.000000
3015.000000
3010.606689
3000.000000
3000.000000
2985.000000
2985.000000
2985.000000
2985.000000
3015.000000
6000.000000
6016.831667
6024.270829
6021.213379
5995.581862
5970.692421
5976.376616
5995.913531
6000.000000
6022.490391
6015.000000
6015.000000
6006.492353
6000.000000
5985.000000
5989.393555
6000.000000
6010.606445
6015.000000
6027.831629
6067.831629
6107.830949
6147.829318
6187.827645
6227.826920
6267.826917
6307.825221
6347.823308
6387.822556
6427.822556
6467.822489
6507.822157
6547.821821
6587.821482
6627.821105
6667.820640
6707.820175
9015.000000
