-20.000000
-20.000000
-10.000000
0.000000
10.000000
20.000000
30.000000
30.000000
27.045642
14.971481
2.897207
-9.176917
-20.000000
-20.000000
-10.000000
0.000000
10.000000
20.000000
30.000000
2980.000000
2980.000000
2990.000000
2990.861247
3010.000000
3010.000000
3010.000000
3013.910055
3020.000000
3030.000000
3030.000000
3020.000000
3010.000000
3010.000000
3000.000000
3000.000000
2990.000000
2980.000000
5976.714973
5980.000000
5980.000000
5980.000000
5980.000000
5980.000000
5980.000000
5980.000000
5981.973629
5990.000000
6000.000000
6000.000000
6010.000000
6010.000000
6010.653829
6020.000000
6020.000000
6030.000000
6597.874971
6637.869227
6677.863483
6717.857739
6757.851994
6797.846250
6837.840506
6877.834762
6917.829017
6957.823273
6997.817529
7037.811785
7077.806041
7117.800296
7157.794552
7197.788808
7237.783064
7277.777319
8980.000000
8980.000000
8980.000000
8980.000000
8980.000000
8990.000000
8990.000000
8990.000000
8990.000000
9000.000000
9000.000000
9000.000000
9003.191187
9021.936726
9030.000000
9021.526673
9020.000000
9020.000000
8980.000000
9000.811143
9017.159437
9030.000000
9045.989237
9085.983493
9125.977748
9165.972004
9205.966260
9245.960516
9285.954771
9325.949027
9365.943283
9405.937539
9445.931794
9485.926050
9525.920306
9565.914562
11980.000000
11980.000000
11980.000000
11980.000000
11981.671560
12000.000000
12007.538280
12020.000000
12024.238999
12030.000000
12030.000000
12030.000000
12030.000000
12030.000000
12020.000000
12020.000000
12010.000000
12010.000000
9576.836803
9536.837501
9496.846890
9456.854726
9416.854742
9376.854758
9336.854774
9296.854791
9256.854807
9217.037921
9177.305585
9137.556903
9097.808220
9058.059538
9018.310856
8980.000000
8980.000000
8980.000000
8481.271621
8441.273431
8401.275417
8361.277402
8321.279078
8281.279109
8241.279140
8201.279171
8161.279287
8121.279507
8081.279727
8041.279947
8001.280166
7961.280386
7921.280606
7881.280826
7841.281046
7801.281266
4481.341929
4441.343023
4401.344053
4361.344574
4321.345244
4281.346340
4241.347436
4201.348138
4161.348968
4121.349686
4081.349834
4041.349835
4001.349835
3961.349962
3921.349973
3881.350095
3841.350095
-20.000000
