0.000000
0.000000
30.000000
60.000000
90.000000
119.804569
150.000000
177.776242
208.705125
235.747606
266.676526
293.718371
330.000000
351.688254
390.000000
420.000000
450.000000
480.000000
510.000000
540.000000
568.193413
599.123466
626.160661
657.090429
684.126012
715.055420
742.089288
780.000000
810.000000
840.000000
870.000000
900.000000
930.000000
958.593679
989.522967
1016.550782
1047.479368
1074.505335
1105.433191
1132.457388
1170.000000
1200.000000
1230.000000
1260.000000
1290.000000
1320.000000
1348.942783
1379.868129
1406.886682
1437.811105
1464.828504
1495.752047
1522.768509
1560.000000
1590.000000
1620.000000
1650.000000
1680.000000
1710.000000
1735.455800
1766.395761
1793.430328
1808.751823
1848.726686
1882.342584
1909.377429
1949.336461
1967.350508
2007.298593
2040.000000
2067.960953
2098.895229
2125.929934
2156.863661
2183.899149
2214.832398
2241.868764
2257.218928
2297.103205
2336.979300
2357.809668
2397.672147
2415.781081
2455.630959
2473.753146
2513.591049
2520.000000
2544.323637
2584.147739
2623.966511
2647.672574
2687.480024
2705.646373
2745.445997
2785.241483
2820.000000
2848.796165
2864.180968
2903.966695
2937.695076
2964.737888
2980.124534
3019.907068
3038.095712
3077.879075
3096.066139
3135.851941
3175.640044
3210.000000
3239.209705
3270.000000
3297.181071
3312.559764
3352.367405
3370.526815
3410.343563
3428.492273
3468.319245
3502.018357
3529.056197
3568.902195
3600.000000
3629.628524
3660.000000
3687.595032
3718.525029
3745.559491
3776.489069
3803.521747
3818.860190
3858.771333
3876.814388
3916.738476
3956.670349
3977.394440
4017.338858
4035.347257
4075.302904
4093.297786
4133.263693
4166.862121
4193.885038
4224.811764
4251.833098
4267.137037
4307.126430
4347.119117
4367.722784
4407.719638
4440.000000
4468.308462
4483.605397
4523.605353
4557.171185
4572.467256
4612.465172
4630.405104
4670.399633
4700.059715
4730.980099
4740.000000
4778.616625
4818.595883
4839.265762
4879.236029
4897.242025
4937.202370
4959.120382
4997.861064
5013.195047
5053.133057
5071.172105
5111.097433
5130.000000
5169.062390
5208.966981
5233.650557
5273.540650
5291.623513
5331.500309
5345.703361
5385.567676
5407.571156
5447.422227
5465.545795
5504.259495
5520.000000
5559.459091
5599.280865
5620.205320
5660.016887
5682.066321
5721.869198
5740.039126
5779.834938
5798.012056
5836.713504
5855.984894
5894.685322
5910.071851
5949.855413
5971.929332
6011.711866
6051.494635
6072.485003
6112.269544
6126.569518
6166.357275
6188.424797
6228.217548
6246.393061
6286.192160
6300.472271
6340.278917
6360.000000
6398.251966
6438.073593
6458.994511
6498.827328
6520.848845
6560.693681
6574.918800
6614.775419
6632.877815
6672.747581
6690.834623
6730.717297
6750.000000
6788.685190
6828.589604
6853.259296
6893.177788
6907.314554
6947.245373
6969.166746
7007.896319
7027.117131
7067.071725
7081.162382
7121.127127
7143.011787
7182.985995
7222.965318
7239.691066
7279.677514
7297.635017
7337.627190
7355.577439
7395.573881
7413.518591
7453.517568
7475.365408
7514.102674
7530.000000
7569.397433
7609.395499
7620.000000
7646.536011
7686.529747
7726.519659
7749.757972
7784.767766
7800.090138
7840.065869
7860.000000
7898.035425
7920.000000
7956.004167
7980.000000
8013.972391
8053.910422
8074.645813
8114.570919
8132.622230
8172.534419
8190.599170
8230.498134
8250.000000
8288.462291
8310.000000
8346.427077
8370.000000
8404.392634
8444.244312
8465.120819
8504.959903
8523.096025
8562.923846
8581.071536
8620.889048
8640.000000
8678.855497
8700.000000
8736.823135
8760.000000
8794.791858
8834.582289
8855.560502
8895.346564
8913.533043
8953.316537
8971.504985
9000.000000
9000.000000
9039.259095
9079.042349
9118.827321
9150.000000
9185.203955
9224.996451
9245.968554
9285.767618
9303.935318
9343.742100
9361.900424
9401.716189
9420.000000
9459.689554
9480.000000
9490.426996
9530.265540
9570.112273
9609.967769
9636.346252
9676.216266
9694.304233
9734.187450
9752.259984
9780.000000
9780.219562
9820.125593
9860.034944
9899.955027
9930.000000
9960.000000
9960.000000
9994.012901
10033.962782
10073.916029
10113.878612
10142.585412
10182.559577
10200.529939
10240.512111
10260.000000
10298.461765
10320.000000
10356.408687
10380.000000
10414.353066
10454.352041
10474.938742
10514.938695
10530.000000
10561.157729
10590.000000
10619.095039
10650.000000
10688.748367
10710.000000
10746.681368
10770.000000
10800.000000
10816.214198
10856.188313
10889.802075
10920.000000
10950.000000
10950.000000
10975.737709
11015.683398
11055.621724
11095.554292
11133.380646
11160.000000
11164.064962
11203.970184
11243.866885
11280.000000
11307.283281
11338.213058
11370.000000
11370.000000
11408.788501
11438.584004
11478.428678
11518.265204
11550.000000
11581.758950
11621.576505
11642.510614
11673.441875
11700.000000
11713.075921
11752.874924
11792.669099
11820.000000
11829.021102
11868.808921
11886.993614
11926.777997
11944.965757
11984.748497
12000.000000
11968.936359
11940.000000
11926.507104
11886.722507
11850.000000
11820.000000
11783.362505
11760.000000
11730.000000
11710.009670
11694.631697
11654.824773
11636.666268
11596.850340
11557.028269
11520.544885
11490.000000
11460.000000
11435.538986
11404.608444
11370.000000
11362.218533
11322.348297
11282.469920
11261.646829
11246.303824
11206.407051
11166.502054
11145.729535
11105.810889
11065.882519
11040.000000
11010.000000
10987.190852
10971.870750
10931.916027
10913.922180
10873.957107
10833.986162
10797.718633
10770.000000
10755.390811
10715.403987
10697.446092
10657.453631
10650.000000
10626.850614
10586.852903
10546.854198
10506.854716
10470.000000
10446.128208
10406.129833
10373.765555
10333.770824
10315.786809
10275.796954
10257.808334
10217.824847
10199.829908
10159.854185
10140.000000
10101.884648
10080.000000
10043.915928
10020.000000
9985.947728
9946.009708
9925.274331
9885.349238
9867.297941
9827.385764
9809.321028
9769.422076
9750.000000
9711.457947
9690.000000
9653.493188
9630.000000
9595.527657
9555.675990
9534.799498
9494.960425
9476.824316
9436.996504
9418.848826
9379.031323
9360.000000
9321.064892
9300.000000
9263.097269
9240.000000
9205.128559
9165.338133
9144.359924
9104.573866
9086.387390
9046.603897
9028.415450
8988.632916
8970.000000
8930.661167
8910.000000
8872.688920
8850.000000
8814.716463
8774.923961
8753.951851
8714.152781
8695.985072
8656.178282
8638.019948
8598.204174
8580.000000
8540.230788
8520.000000
8482.258439
8460.000000
8424.287426
8384.430810
8363.574014
8323.703987
8305.616006
8265.732777
8247.660227
8207.763667
8189.706688
8149.796871
8130.000000
8091.832554
8070.000000
8033.870836
8010.000000
7975.911784
7935.957689
7915.280919
7875.316003
7857.334643
7817.360469
7799.390099
7759.407920
7740.000000
7701.458253
7680.000000
7643.511322
7620.000000
7581.742551
7541.743546
7517.188502
7477.188546
7459.208049
7420.452651
7401.228536
7361.232011
7347.155748
7307.163125
7289.176841
7249.189809
7227.293184
7187.313553
7147.338989
7126.663521
7087.919041
7072.591064
7032.636158
7014.614907
6974.671117
6956.638427
6916.706960
6894.762540
6854.844085
6840.000000
6800.778107
6760.880343
6740.082026
6700.198171
6682.107857
6642.237219
6624.133125
6584.275387
6562.266080
6522.421285
6508.182169
6468.348778
6446.316639
6406.494294
6388.341443
6348.528852
6308.721675
6291.660416
6251.861017
6229.800481
6191.098504
6175.713773
6135.925725
6117.740811
6077.956165
6059.768415
6019.985581
5997.911417
5958.128739
5918.345305
5901.241737
5861.455784
5843.272065
5803.482014
5781.416978
5742.715541
5723.449190
5684.746574
5665.482895
5625.671601
5610.000000
5571.586890
5531.760028
5510.848525
5471.009993
5452.886006
5413.035461
5394.925537
5355.062362
5336.967225
5297.090995
5275.115468
5236.396325
5220.000000
5181.154450
5141.243261
5120.484279
5080.559610
5058.631212
5018.693726
5004.580797
4964.632115
4946.632247
4906.672674
4888.685643
4848.716208
4826.836378
4786.857895
4746.874719
4730.157105
4690.167444
4668.307754
4628.313036
4606.541318
4566.543174
4548.559129
4508.559366
4490.578140
4450.578404
4420.878506
4380.880785
4362.900070
4322.905866
4304.922592
4264.933463
4231.325109
4204.290752
4188.969487
4148.994853
4130.993379
4091.027941
4073.017279
4033.062155
3993.113888
3972.399832
3932.463870
3900.000000
3871.794559
3856.454491
3816.543985
3782.893243
3755.857266
3724.924821
3697.887899
3682.533177
3642.662474
3602.799776
3581.947240
3542.097693
3510.000000
3481.372845
3450.443708
3423.404389
3408.031312
3368.215041
3350.058286
3310.251062
3292.084962
3252.285527
3218.565240
3191.522817
3151.733243
3120.000000
3090.965453
3075.579455
3035.796173
3002.066151
2975.023199
2959.636660
2919.853252
2886.123407
2859.080722
2843.696480
2803.906536
2764.113324
2730.000000
2700.550264
2670.000000
2642.579183
2611.649733
2584.609073
2569.237742
2529.410483
2495.711017
2468.672837
2437.743890
2410.707189
2370.848426
2352.743454
2312.871757
2280.000000
2252.166929
2236.822300
2196.924038
2163.274409
2136.243179
2120.910105
2080.985676
2062.957402
2023.020533
1983.076287
1962.375476
1922.419537
1904.424328
1864.458158
1830.859439
1803.836272
1772.909316
1745.887772
1714.961644
1687.941568
1657.016251
1629.997464
1590.000505
1568.210374
1530.000000
1500.000000
1470.000000
1440.000000
1410.000000
1380.000000
1351.607966
1320.666707
1293.631804
1262.691420
1235.656789
1204.717217
1177.682645
1140.000000
1110.000000
1080.000000
1050.000000
1020.000000
990.000000
961.123365
930.188769
903.154393
872.220385
845.185285
814.251789
787.215855
750.000000
720.000000
690.000000
660.000000
630.000000
600.000000
570.695126
540.000000
512.727301
481.797758
454.758604
423.829182
396.789062
360.000000
338.818747
300.000000
270.000000
240.000000
210.000000
180.288391
150.000000
122.318057
91.389827
64.347159
33.418835
0.000000
