0.000000
0.000000
30.000000
50.176470
89.960070
108.147541
147.933811
166.118106
205.908613
224.087892
263.884140
282.056635
321.860044
340.024081
379.835964
419.653678
440.585586
480.000000
498.552664
538.392486
556.518045
596.369960
614.481539
654.346142
672.442990
712.320687
730.402286
770.293285
810.000000
830.978865
870.000000
888.937118
928.863023
946.893000
986.831275
1004.846524
1044.796464
1062.797752
1102.758474
1120.746787
1160.717245
1200.000000
1221.333413
1260.000000
1279.280076
1319.270292
1337.224682
1377.219673
1395.167456
1435.165651
1453.108647
1493.108426
1511.048525
1551.048245
1590.000000
1611.628933
1650.000000
1669.565469
1709.557125
1723.739300
1758.585409
1773.906247
1813.885496
1831.884151
1871.855212
1890.000000
1929.823604
1950.000000
1987.791257
2027.734844
2048.459821
2088.390797
2106.435095
2146.353368
2164.410830
2204.315998
2222.387091
2262.278949
2280.363900
2320.242447
2340.000000
2378.206669
2418.064205
2438.929350
2478.773976
2496.903502
2536.736478
2554.878090
2594.700292
2612.852981
2652.665444
2670.828004
2710.631911
2730.000000
2768.599618
2808.392533
2829.365938
2869.153741
2887.338418
2927.122915
2945.310543
2985.093327
3003.282059
3043.064748
3061.252707
3101.036920
3120.000000
3159.009562
3198.799626
3219.776849
3259.572773
3277.744844
3317.547857
3335.711389
3375.522810
3393.676263
3433.497290
3451.639273
3491.470959
3510.000000
3549.443500
3589.294265
3610.163319
3650.027267
3668.123329
3708.000353
3726.081153
3765.971472
3784.036742
3823.940377
3841.990091
3881.906862
3900.000000
3939.870772
3960.000000
3997.831997
4037.780887
4058.469009
4098.429204
4116.416929
4156.386917
4174.362932
4214.341527
4232.307218
4272.293101
4290.250015
4330.241755
4350.000000
4388.187654
4428.185614
4448.775366
4488.775101
4506.715197
4546.714959
4572.467256
4612.465172
4622.592621
4662.587529
4680.000000
4712.833037
4740.000000
4770.807117
4800.000000
4813.161914
4853.135374
4890.000000
4929.396743
4950.000000
4987.365159
5010.000000
5045.332502
5070.000000
5103.299686
5130.000000
5161.266951
5201.172755
5221.961552
5261.853478
5280.000000
5319.817120
5340.000000
5377.781484
5400.000000
5435.746702
5460.000000
5493.712857
5520.000000
5551.679985
5591.502698
5612.428297
5652.240806
5670.403416
5710.207362
5730.000000
5768.175143
5790.000000
5826.144032
5850.000000
5884.113869
5910.000000
5942.084461
5970.000000
6000.055584
6039.838257
6060.828347
6100.612547
6120.000000
6158.585150
6180.000000
6216.557907
6240.000000
6274.530514
6300.000000
6332.502664
6360.000000
6390.474056
6430.294607
6451.214422
6491.046052
6510.000000
6521.779396
6561.624003
6601.477519
6630.000000
6664.958722
6690.000000
6722.926071
6750.000000
6780.891297
6820.794310
6841.564336
6881.481042
6900.000000
6939.444814
6960.000000
6997.405909
7020.000000
7055.364271
7080.000000
7113.319897
7140.000000
7171.272832
7200.000000
7201.889384
7241.873259
7281.858763
7321.849533
7350.000000
7387.761017
7410.000000
7445.704341
7470.000000
7503.645372
7530.000000
7561.584382
7601.582638
7622.166001
7662.160930
7680.000000
7710.000000
7739.441116
7770.000000
7797.415098
7830.000000
7830.000000
7856.319231
7896.286849
7928.687580
7968.642049
7980.000000
8010.000000
8041.936788
8081.870038
8102.615970
8142.533985
8182.445612
8203.221035
8243.117860
8250.000000
8280.000000
8310.000000
8331.780465
8371.648734
8400.000000
8432.358315
8472.205189
8493.092568
8532.925328
8572.752719
8593.667480
8633.483481
8667.191629
8700.000000
8725.161610
8760.000000
8783.132277
8822.923954
8850.000000
8868.146382
8907.931956
8926.117929
8965.901211
8972.433244
9000.000000
9030.000000
9054.645423
9094.429616
9134.215136
9158.001178
9197.791629
9237.584593
9246.897163
9273.937201
9300.000000
9329.119882
9368.929643
9390.000000
9429.688266
9469.514570
9490.426212
9530.265359
9540.000000
9570.000000
9603.602622
9643.464314
9664.308737
9704.185974
9744.069874
9764.880194
9804.778669
9811.144678
9840.000000
9870.000000
9893.422794
9933.349688
9960.000000
9994.011695
10033.959045
10054.646397
10094.606759
10134.572172
10155.230330
10195.205724
10201.462830
10230.000000
10260.000000
10283.772631
10323.763258
10350.000000
10384.361604
10424.359179
10444.948746
10484.948525
10524.948470
10561.157729
10590.000000
10603.469472
10643.465814
10650.000000
10689.681495
10710.000000
10740.000000
10770.000000
10794.016384
10833.993402
10860.000000
10894.637990
10934.599446
10955.298301
10980.000000
11010.576650
11050.515882
11090.446912
11100.000000
11126.515445
11166.428837
11190.000000
11227.107077
11266.998346
11287.808272
11310.000000
11343.038326
11382.903194
11403.758456
11430.000000
11458.972484
11498.812551
11520.000000
11550.000000
11574.909715
11614.728331
11640.000000
11675.472029
11715.275612
11736.231831
11760.000000
11791.409572
11820.000000
11849.379630
11889.165991
11910.151419
11940.000000
11965.321371
12000.000000
12000.000000
11964.122700
11924.339378
11903.350347
11880.000000
11848.178926
11820.000000
11790.207073
11750.411945
11729.445897
11700.000000
11674.264735
11640.000000
11616.294713
11576.475376
11536.649227
11496.816312
11490.000000
11457.755554
11417.905835
11397.038142
11370.000000
11341.819729
11301.944383
11280.000000
11250.000000
11225.891286
11185.989831
11160.000000
11125.305466
11085.381824
11064.647944
11040.000000
11009.384876
10980.000000
10951.428449
10920.000000
10893.474489
10860.000000
10835.522913
10795.545617
10770.000000
10734.931362
10694.942169
10674.333444
10650.000000
10619.038514
10589.436324
10549.437407
10530.000000
10491.455177
10451.455398
10430.811504
10403.775034
10380.000000
10350.000000
10333.145197
10293.153087
10260.000000
10232.512208
10192.531190
10170.000000
10131.890087
10091.923523
10071.232505
10050.000000
10043.263906
10003.317622
9963.375982
9923.439460
9883.513388
9854.672019
9814.761622
9808.390004
9780.000000
9750.000000
9726.109435
9686.228097
9660.000000
9625.528221
9585.668988
9564.803048
9524.958567
9485.120052
9464.225172
9424.398771
9417.919714
9390.000000
9360.000000
9335.687921
9295.882293
9270.000000
9235.128408
9195.334692
9174.360951
9134.573194
9094.787370
9060.000000
9031.217511
9015.830908
8976.048374
8969.516095
8940.000000
8910.000000
8887.303408
8847.516814
8820.000000
8786.744105
8746.948288
8707.149751
8667.841390
8640.000000
8609.870143
8580.000000
8551.899723
8520.000000
8509.494117
8469.655399
8451.531185
8411.679883
8371.821916
8350.961952
8311.090680
8304.685460
8277.654965
8250.000000
8222.420442
8182.516857
8142.607113
8119.126959
8079.201792
8061.173680
8021.236013
8010.000000
7980.000000
7947.952175
7920.000000
7889.997407
7850.027517
7810.053341
7786.742670
7746.759280
7740.000000
7710.000000
7680.000000
7658.202380
7618.207108
7578.209495
7538.210364
7498.210453
7470.000000
7430.928621
7410.000000
7372.950781
7350.000000
7314.974741
7290.000000
7257.000742
7230.000000
7199.026918
7159.051187
7138.374122
7098.407838
7080.000000
7040.440057
7020.000000
6982.472881
6960.000000
6924.506019
6900.000000
6866.539210
6840.000000
6808.572222
6768.673238
6747.873361
6720.000000
6720.000000
6707.288551
6667.414675
6627.548164
6587.686331
6547.834673
6510.000000
6476.128707
6450.000000
6418.161411
6390.000000
6360.192864
6344.817530
6305.010297
6265.209367
6240.000000
6201.666690
6180.000000
6143.697442
6120.000000
6085.727290
6060.000000
6027.756443
6000.000000
5969.785136
5930.001920
5909.013089
5869.227484
5850.000000
5811.254633
5790.000000
5753.281733
5730.000000
5695.309093
5670.000000
5637.337022
5610.000000
5579.365818
5539.539937
5518.629736
5478.792271
5460.000000
5420.820173
5400.000000
5362.849627
5340.000000
5304.880889
5280.000000
5246.914177
5220.000000
5188.949670
5149.039866
5128.282215
5088.358891
5070.000000
5030.396076
5010.000000
4972.435995
4950.000000
4914.478682
4890.000000
4856.524122
4830.000000
4798.572251
4758.590079
4737.968105
4697.979057
4680.000000
4640.031715
4606.541318
4566.543174
4548.559129
4508.559366
4490.578140
4455.728092
4440.000000
4400.412989
4380.000000
4342.436324
4302.443709
4281.792381
4241.806061
4223.814833
4183.835523
4165.837410
4125.866908
4107.859907
4067.899191
4049.882150
4009.932276
3990.000000
3951.965258
3912.034082
3891.289398
3851.371472
3833.314424
3793.409610
3775.338939
3735.447437
3717.362908
3677.484715
3659.386338
3619.521251
3600.000000
3561.556903
3521.712067
3500.825871
3460.993196
3442.851924
3403.029996
3384.877615
3345.065394
3326.903103
3287.099404
3268.928580
3229.132094
3210.000000
3171.163574
3131.375685
3110.393833
3070.609402
3052.421829
3012.639066
2994.450337
2954.667625
2936.479615
2896.695336
2878.509926
2838.722483
2820.000000
2780.749366
2740.953533
2719.986491
2680.183269
2662.019472
2622.207808
2604.054050
2564.232750
2546.090428
2506.258442
2488.128775
2448.285212
2430.000000
2390.313368
2370.000000
2332.343189
2292.466368
2271.645266
2231.754590
2213.688899
2173.784909
2155.734780
2115.817662
2097.782880
2057.853016
2039.833126
1999.891093
1980.000000
1941.931960
1901.971918
1881.304900
1841.334665
1823.358379
1783.379571
1765.413652
1725.427595
1707.470499
1667.478625
1649.528672
1609.532278
1579.929979
1539.930869
1500.000000
1479.284822
1440.000000
1421.305158
1381.307425
1363.326691
1323.332466
1305.349162
1265.360005
1247.372317
1207.389710
1189.395909
1149.421231
1110.000000
1088.770956
1050.000000
1030.798379
990.850540
972.825862
932.889839
914.853205
874.929668
856.880246
816.969675
798.906858
759.009537
720.000000
698.313292
660.000000
640.343157
600.480957
582.372350
542.522741
524.400864
484.563214
466.428737
426.602239
408.456049
368.639729
350.482921
310.675654
270.873350
249.918635
210.123577
191.947258
152.157660
133.975579
94.189923
76.003815
36.220526
0.000000
