-100.000000
-100.000000
-90.498623
-80.000000
-70.000000
-60.000000
-50.000000
-40.000000
-40.000000
-30.000000
-20.000000
-17.994122
-10.000000
0.000000
8.242514
10.000000
20.000000
21.359960
33.448717
45.527126
57.606464
60.000000
80.000000
90.738012
100.000000
90.000000
80.000000
80.000000
64.295648
59.940319
37.875534
20.000000
13.727143
1.671447
-10.000000
-20.000000
-30.000000
-40.000000
-50.000000
-50.000000
-59.728691
-60.000000
-70.000000
-80.000000
-90.000000
-100.000000
-100.000000
-92.967484
-89.867431
-70.000000
-55.753445
-40.000000
-31.600387
-20.000000
-10.000000
-8.454376
0.000000
5.698433
17.777580
30.000000
30.000000
50.000000
60.000000
70.000000
90.000000
99.215311
100.000000
100.000000
100.000000
90.000000
83.504279
71.434990
50.000000
50.000000
38.345763
20.000000
20.000000
10.000000
0.053579
-10.000000
-20.000000
-30.000000
-45.104948
-60.000000
-69.239173
-80.000000
-90.000000
-92.352114
-100.000000
-100.000000
-91.439380
-80.000000
-80.000000
-70.000000
-60.000000
-40.000000
-40.000000
-30.000000
-30.000000
-20.000000
-10.000000
10.000000
17.302032
20.000000
40.000000
40.000000
50.000000
60.000000
70.000000
80.000000
90.000000
100.000000
100.000000
100.000000
83.975476
61.924866
50.000000
40.000000
38.812061
26.737905
20.000000
10.000000
10.000000
-20.000000
-20.499689
-40.000000
-44.643335
-50.000000
-60.000000
-70.000000
-80.000000
-90.000000
-100.000000
-100.000000
-100.000000
-90.000000
-90.000000
-70.000000
-50.000000
-40.000000
-40.000000
-40.000000
-20.000000
-10.000000
-10.000000
10.000000
20.000000
32.586531
50.000000
50.000000
60.000000
64.124689
76.194027
88.282475
100.000000
100.000000
98.595633
80.000000
70.000000
70.000000
60.000000
50.000000
30.000000
20.000000
20.000000
10.000000
10.000000
-5.659159
-20.000000
-22.106809
-34.176072
-46.245747
-68.296364
-80.000000
-80.000000
-100.000000
-100.000000
-100.000000
-100.000000
-90.000000
-80.000000
-70.000000
-67.163223
-60.000000
-43.005456
-40.000000
-20.000000
-9.869149
0.000000
14.279188
26.367810
38.432238
50.000000
60.000000
61.578303
70.000000
80.000000
90.000000
100.000000
100.000000
90.000000
90.000000
80.000000
70.000000
70.000000
70.000000
51.096230
47.673267
30.000000
13.548009
10.000000
0.000000
-10.000000
-20.000000
-23.708477
-30.000000
-40.000000
-50.000000
-60.000000
-80.000000
-83.020308
-100.000000
