-20.000000
-20.000000
-10.000000
0.000000
10.000000
20.000000
30.000000
30.000000
20.000000
10.000000
0.000000
-10.000000
-20.000000
-20.000000
-10.000000
-2.969020
10.000000
20.000000
30.000000
2980.000000
2990.000000
2998.232835
3010.000000
3010.407520
3030.000000
3030.000000
3020.000000
3010.000000
3006.716762
2990.000000
2980.000000
2980.000000
2984.461768
3000.000000
3010.000000
3020.000000
3020.000000
5979.373026
5980.000000
5980.000000
5991.076953
6020.000000
6030.000000
6030.000000
6020.565008
6010.000000
6000.000000
6000.000000
5990.000000
5980.000000
5980.000000
5994.485395
6010.000000
6020.000000
6030.000000
8980.000000
8990.000000
9000.000000
9000.973111
9010.000000
9020.000000
9030.000000
9027.848208
9010.541457
9000.000000
8990.000000
8986.669621
8980.000000
8990.000000
8990.000000
9000.000000
9010.000000
9010.000000
11980.000000
11987.124902
12000.000000
12010.000000
12010.000000
12018.303546
12030.000000
12030.000000
12027.824638
12010.517887
12000.000000
11990.000000
11980.000000
11990.000000
12000.000000
12000.000000
12014.532536
12030.000000
12030.000000
12030.000000
12021.923467
12000.000000
11990.000000
11990.000000
11986.918896
11990.000000
11990.000000
12000.761167
12018.067994
12020.000000
12030.000000
12028.060491
12010.753777
12000.000000
12000.000000
11986.881904
9201.989529
9151.996996
9102.050885
9052.072660
9003.235820
8980.000000
8980.000000
8980.000000
8996.394508
9000.000000
9010.000000
9020.000000
9027.572925
9030.000000
9020.077903
9008.555390
8991.248714
8980.000000
6030.000000
6020.329231
6010.000000
6000.000000
6000.000000
6000.000000
5981.843893
5990.000000
5994.721022
6000.000000
6020.000000
6020.000000
6025.899439
6030.000000
6020.000000
6010.000000
5999.990347
5980.000000
3087.739272
3038.324340
3010.000000
3000.000000
2990.000000
2980.824130
2980.000000
2990.000000
3000.000000
3010.000000
3020.000000
3030.000000
3030.000000
3020.000000
3020.000000
3000.000000
2994.595687
2980.000000
30.000000
23.676203
10.000000
0.000000
-10.000000
-17.502384
-20.000000
-10.000000
0.000000
8.680763
20.000000
30.000000
30.000000
20.140895
10.000000
0.000000
-10.000000
-20.000000
