0.000000
0.000000
19.201299
21.213203
0.000000
-21.213203
-30.000000
-30.000000
-30.000000
0.849739
30.000000
15.000000
15.000000
15.000000
-10.606602
-15.000000
-10.606602
-10.606602
10.606602
15.000000
3000.000000
3000.000000
3000.000000
3000.000000
3000.000000
3000.000000
3000.000000
3000.000000
3006.406685
3021.213135
3015.527878
3015.000000
3000.000000
3000.000000
2985.000000
2985.000000
2996.007040
3000.000000
3000.000000
6000.000000
6004.641299
6030.000000
6019.960522
5991.007185
5978.786621
5978.786621
5978.786621
5986.374955
5978.786621
5978.786621
5989.835379
6010.606445
6000.000000
5991.302052
5986.084326
5985.000000
5985.000000
6015.000000
6015.000000
6015.000000
6015.000000
6015.000000
6046.978296
6086.978296
6126.978077
6166.977603
6206.975589
6246.974211
6286.972942
6326.971705
6366.969560
6406.966965
6446.966543
6486.966175
6526.965807
6566.965438
9015.000000
