-20.000000
-20.000000
-10.000000
0.000000
10.000000
20.000000
30.000000
30.000000
27.045642
14.971481
2.897207
-9.176917
-20.000000
-20.000000
-10.000000
0.000000
10.000000
20.000000
30.000000
2980.000000
2990.000000
2990.000000
3000.000000
3010.000000
3010.000000
3017.072001
3023.909923
3030.000000
3020.000000
3020.000000
3010.000000
3010.000000
3000.000000
3000.000000
2990.000000
2990.000000
2980.000000
5980.000000
5980.000000
5980.000000
5980.000000
5981.106245
5990.000000
6000.000000
6000.000000
6010.000000
6020.000000
6020.000000
6030.000000
6030.000000
6030.000000
6020.000000
6020.000000
6020.000000
6010.000000
7227.917814
7267.912070
7307.906325
7347.900581
7387.894837
7427.889093
7467.883348
7507.877604
7547.871860
7587.866116
7627.860371
7667.854627
7707.848883
7747.843139
7787.837395
7827.831650
7867.825906
7907.820162
8980.000000
8980.000000
8990.000000
8990.000000
8991.389446
9000.000000
9000.000000
9000.000000
9000.000000
9010.000000
9010.000000
9020.182594
9030.000000
9030.000000
9030.000000
9030.000000
9030.000000
9030.000000
9030.000000
9030.000000
9030.000000
9030.000000
9030.000000
9030.000000
9030.000000
9030.000000
9030.000000
9030.000000
9030.000000
9030.000000
9030.000000
9030.000000
9030.000000
9030.000000
9030.000000
9030.000000
11773.564277
11813.205517
11852.734098
11892.262678
11931.791258
11971.319839
12010.848419
12030.000000
12030.000000
12030.000000
12020.000000
12020.000000
12020.000000
12010.000000
12010.000000
12010.000000
12000.000000
12000.000000
9658.360754
9618.366049
9578.371650
9538.376343
9498.376454
9458.387669
9418.424696
9378.461722
9338.496561
9298.569250
9258.667785
9218.766320
9178.791484
9138.801224
9098.938274
9059.078934
9019.219593
8980.000000
8814.852184
8774.857877
8734.863542
8694.867017
8654.868485
8614.869427
8574.871272
8534.872011
8494.872673
8454.873340
8414.874802
8374.876792
8334.878782
8294.879170
8254.879202
8214.879233
8174.879265
8134.879333
4814.948649
4774.949345
4734.949642
4694.950092
4654.950696
4614.951126
4574.951665
4534.951950
4494.952055
4454.952105
4414.952126
4374.952168
4334.952216
4294.952265
4254.952380
4214.952974
4174.953481
-20.000000
