-20.000000
-20.000000
-10.000000
0.000000
10.000000
20.000000
30.000000
30.000000
27.045642
14.971481
2.897207
-9.176917
-20.000000
-20.000000
-10.000000
0.000000
10.000000
20.000000
30.000000
2980.000000
2980.000000
2990.000000
3000.000000
3002.935332
3010.000000
3020.000000
3023.909923
3030.000000
3030.000000
3020.000000
3010.000000
3010.000000
3000.000000
3000.000000
2990.000000
2980.000000
2980.000000
5980.000000
5990.000000
6000.000000
6010.000000
6011.106377
6025.248712
6030.000000
6030.000000
6030.000000
6020.000000
6010.000000
6006.070938
6000.000000
5990.000000
5990.000000
5980.000000
5980.000000
5980.000000
7857.968988
7897.963244
7937.957500
7977.951756
8017.946011
8057.940267
8097.934523
8137.928779
8177.923035
8217.917290
8257.911546
8297.905802
8337.900058
8377.894313
8417.888569
8457.882825
8497.877081
8537.871336
9000.000000
9007.991613
9027.725066
9030.000000
9030.000000
9049.722034
9089.716290
9129.710546
9169.704801
9209.699057
9249.693313
9289.687569
9329.681824
9369.676080
9409.670336
9449.664592
9489.658847
9529.653103
9849.607149
9889.601405
9929.595661
9969.589917
10009.584172
10049.578428
10089.572684
10129.566940
10169.561195
10209.555451
10249.549707
10289.543963
10329.538218
10369.532474
10409.526730
10449.520986
10489.515242
10529.509497
12000.000000
12010.000000
12010.000000
12010.000000
12020.000000
12023.256151
12030.000000
12030.000000
12030.000000
12030.000000
12030.000000
12030.000000
12030.000000
12030.000000
12030.000000
12030.000000
12030.000000
12030.000000
11990.000000
11990.000000
11990.000000
11990.000000
11990.000000
11951.532192
11911.535844
11871.539496
11831.543148
11791.546799
11751.550451
11711.554103
11671.557755
11631.561407
11591.565058
11551.568710
11511.572176
11471.573963
8151.681269
8111.682201
8071.683132
8031.684063
7991.684994
7951.685925
7911.686856
7871.687566
7831.688273
7791.689201
7751.690129
7711.690958
7671.691797
7631.692719
7591.693615
7551.693987
7511.694011
7471.694131
4151.727013
4111.727513
4071.728012
4031.728511
3991.729010
3951.729312
3911.729432
3871.729809
3831.730312
3791.730571
3751.730684
3711.731105
3671.731614
3631.731752
3591.731884
3551.732090
3511.732213
-20.000000
