-100.000000
-100.000000
-90.498623
-80.000000
-70.000000
-60.000000
-50.000000
-40.000000
-31.130428
-30.000000
-20.000000
-7.993703
10.000000
10.000000
20.000000
30.000000
30.000000
41.369339
63.452895
80.000000
80.000000
90.000000
90.000000
100.000000
100.000000
100.000000
93.034314
80.959729
80.000000
59.935605
47.865752
35.791926
30.000000
20.000000
10.000000
10.000000
-1.450420
-20.000000
-30.000000
-40.000000
-50.000000
-60.000000
-70.757883
-90.000000
-94.892120
-100.000000
-94.288255
-90.000000
-80.000000
-80.000000
-70.000000
-61.067445
-38.127460
-20.000000
-10.000000
0.000000
3.624253
10.000000
20.000000
20.000000
30.000000
40.908928
50.000000
70.000000
80.000000
80.000000
95.978697
100.000000
97.817700
80.000000
70.000000
70.000000
60.000000
50.000000
40.000000
26.276123
14.197395
10.000000
0.053579
-10.000000
-30.000000
-40.000000
-50.000000
-60.000000
-60.000000
-70.000000
-80.000000
-82.356674
-90.000000
-100.000000
-100.000000
-100.000000
-90.000000
-78.298317
-66.219358
-60.000000
-42.061570
-40.000000
-30.000000
-20.000000
-16.855824
-10.000000
0.000000
13.259867
36.206531
40.606528
62.521914
70.000000
76.675063
88.749165
90.000000
100.000000
98.128524
86.049656
80.000000
70.000000
70.000000
60.000000
48.812085
36.742595
14.677843
0.000000
-9.456375
-10.000000
-20.499689
-40.000000
-50.000000
-60.000000
-60.000000
-70.000000
-80.000000
-90.000000
-100.000000
-100.000000
-100.000000
-90.000000
-80.000000
-70.000000
-66.690938
-52.393459
-40.000000
-40.000000
-23.573462
-19.401409
-7.322632
4.756377
10.000000
28.914163
40.000000
50.000000
60.000000
70.000000
80.000000
90.000000
100.000000
100.000000
98.590919
90.000000
74.461407
62.396878
50.327180
40.000000
39.283858
20.000000
20.000000
10.000000
10.000000
-5.665825
-10.000000
-20.000000
-34.166644
-46.236319
-68.296364
-80.000000
-90.000000
-100.000000
-100.000000
-100.000000
-100.000000
-90.000000
-80.000000
-79.246538
-67.167937
-55.088765
-43.005456
-40.000000
-20.000000
-9.873863
10.000000
14.288616
20.000000
38.432238
40.000000
50.000000
51.573277
70.000000
80.000000
90.000000
100.000000
100.000000
100.000000
87.003960
74.924610
70.000000
70.000000
50.000000
30.000000
20.000000
10.000000
0.000000
-8.512060
-10.000000
-20.000000
-40.000000
-43.699077
-50.000000
-57.842356
-69.907502
-80.000000
-100.000000
-100.000000
-100.000000
