0.000000
0.000000
30.000000
60.000000
90.000000
119.804569
150.000000
177.776242
208.705125
235.747606
266.676526
293.718371
330.000000
351.688254
390.000000
420.000000
450.000000
480.000000
510.000000
540.000000
568.193413
599.123466
626.160661
657.090429
684.126012
715.055420
742.089288
780.000000
810.000000
840.000000
870.000000
900.000000
930.000000
958.593679
989.522967
1016.550782
1047.479368
1074.505335
1105.433191
1132.457388
1170.000000
1200.000000
1230.000000
1260.000000
1290.000000
1320.000000
1348.942783
1379.868129
1406.886682
1437.811105
1464.828504
1495.752047
1522.768509
1560.000000
1590.000000
1620.000000
1650.000000
1680.000000
1710.000000
1739.217638
1770.000000
1797.150695
1828.069156
1851.404117
1882.342584
1909.377429
1949.336461
1967.350508
2007.298593
2025.323573
2065.259859
2083.296812
2123.220625
2141.270380
2181.181237
2199.244394
2239.142005
2257.218928
2297.103205
2336.979300
2357.809668
2397.672147
2415.781081
2455.630959
2473.753146
2513.591049
2547.285993
2574.325625
2605.254983
2632.295540
2647.672574
2687.480024
2721.195355
2748.237414
2788.032610
2820.000000
2848.796165
2864.180968
2903.966695
2922.152868
2961.936194
2980.124534
3019.907068
3053.637588
3080.680467
3096.066139
3135.851941
3175.640044
3210.000000
3239.209705
3254.591349
3294.391133
3328.110305
3355.151677
3370.526815
3410.343563
3428.492273
3468.319245
3486.455936
3526.294098
3566.139588
3587.021133
3626.879557
3644.984122
3684.855468
3718.525029
3745.559491
3776.489069
3803.521747
3834.450845
3861.481692
3892.410260
3919.439262
3959.371653
3977.394440
4017.338858
4050.000000
4077.981648
4093.297786
4133.263693
4151.246148
4191.221188
4209.192500
4249.175410
4267.137037
4307.126430
4347.119117
4367.722784
4407.719638
4425.664848
4465.664071
4499.232042
4526.248504
4557.171185
4584.186861
4615.108704
4630.405104
4670.399633
4680.653993
4720.644087
4740.000000
4778.616625
4818.595883
4843.169756
4883.139602
4897.242025
4937.202527
4955.218397
4995.168093
5013.195047
5053.133057
5071.172105
5111.097729
5133.047985
5172.960109
5212.864094
5233.650557
5272.375694
5291.623513
5330.345651
5345.703361
5385.567676
5403.678748
5443.530386
5461.654607
5501.493899
5523.520876
5562.232041
5602.053358
5620.205320
5660.016999
5682.066321
5720.770627
5740.039126
5778.741870
5798.012056
5836.713504
5855.984894
5895.770939
5913.957403
5953.740889
5970.000000
6007.826439
6047.609193
6068.599451
6108.383914
6126.569518
6166.357275
6184.538508
6224.331001
6246.393061
6286.192160
6304.359906
6344.166730
6360.000000
6398.251966
6438.073450
6458.994511
6498.827328
6520.848845
6560.693681
6578.811207
6618.668407
6636.771501
6676.641581
6694.729625
6734.612909
6752.685523
6791.405586
6831.310372
6849.360976
6889.279054
6911.214158
6951.145343
6965.265914
7005.208878
7023.215145
7063.169477
7085.065426
7125.030383
7143.011787
7182.985995
7222.965222
7243.596242
7283.582989
7297.635017
7337.627277
7359.483681
7399.480207
7417.425126
7456.162733
7471.458747
7511.458707
7533.304808
7573.304012
7613.301934
7629.978484
7669.973034
7684.133209
7724.123070
7742.111696
7782.095190
7800.090138
7840.065869
7860.000000
7898.035425
7920.000000
7956.004167
7980.000000
8013.972391
8053.910422
8074.645813
8114.570919
8132.622230
8172.534419
8190.599170
8230.498134
8250.000000
8288.462291
8310.000000
8346.427077
8370.000000
8404.392634
8444.244312
8465.120819
8504.959903
8523.096025
8562.923846
8581.071536
8620.889048
8640.000000
8651.639620
8691.446927
8731.248564
8760.000000
8794.791858
8834.582289
8855.560502
8895.346564
8913.533043
8953.316537
8971.504985
9011.287519
9030.000000
9069.259265
9090.000000
9127.231506
9150.000000
9185.203955
9224.996451
9245.968554
9285.767618
9303.935318
9343.742100
9361.900424
9390.000000
9390.000000
9429.689812
9469.515405
9509.349945
9540.000000
9575.632867
9615.489471
9636.346252
9676.216266
9694.304233
9734.187450
9752.259984
9792.156532
9810.213496
9850.123301
9870.000000
9908.087591
9930.000000
9966.049285
9990.000000
9996.697977
10036.649181
10076.603401
10116.566620
10142.585412
10182.559577
10200.529939
10240.512111
10260.000000
10298.461765
10320.000000
10356.408687
10380.000000
10414.353066
10454.352041
10474.938742
10514.938695
10530.000000
10561.157729
10590.000000
10619.094733
10650.000000
10677.030925
10710.000000
10734.965062
10770.000000
10804.613152
10844.588520
10865.204216
10890.000000
10890.000000
10902.156637
10942.113881
10982.066551
11022.012890
11061.951731
11090.749980
11130.671755
11160.000000
11191.347975
11231.246971
11250.000000
11264.664572
11304.547685
11338.213058
11370.000000
11380.610273
11420.466861
11454.150268
11490.000000
11523.791632
11550.000000
11554.532649
11594.352794
11634.170885
11655.103674
11694.910385
11713.075921
11752.874924
11760.000000
11783.635852
11823.426844
11863.215636
11903.002106
11940.000000
11972.163992
12000.000000
11997.062723
11957.280037
11940.000000
11926.507141
11886.722570
11852.992940
11820.000000
11810.567155
11770.774337
11730.977153
11700.000000
11667.417717
11640.000000
11636.666268
11596.850340
11557.028269
11536.106423
11496.273118
11462.575844
11430.000000
11420.179158
11380.321299
11340.455274
11310.000000
11304.260067
11264.376625
11224.484357
11190.000000
11161.065922
11121.149747
11100.000000
11087.774340
11047.843008
11010.000000
10980.000000
10971.870750
10931.916027
10891.954051
10860.000000
10855.975573
10816.001263
10776.021845
10755.390811
10715.403987
10697.446058
10657.453450
10617.457898
10590.000000
10562.090387
10530.000000
10492.388532
10470.000000
10434.408511
10394.410369
10373.765555
10333.770824
10315.786809
10275.796954
10257.808334
10217.824847
10199.829908
10159.854185
10140.000000
10110.000000
10110.000000
10073.921267
10033.964804
9994.016127
9954.076424
9925.274331
9885.349238
9867.297941
9827.385764
9809.321028
9769.422076
9750.000000
9711.457947
9690.000000
9653.493188
9630.000000
9595.527657
9555.675990
9534.799498
9494.960425
9476.824316
9436.996504
9418.848826
9379.031323
9360.000000
9321.064892
9300.000000
9263.097269
9240.000000
9205.128559
9165.338133
9144.359924
9104.573866
9086.387390
9046.603897
9028.415450
8988.632916
8970.000000
8930.661167
8910.000000
8872.688920
8850.000000
8814.716463
8774.923961
8753.951851
8714.152781
8695.985072
8656.178282
8638.019948
8598.204174
8580.000000
8540.230788
8520.000000
8482.258439
8460.000000
8424.287426
8400.000000
8393.569744
8353.703633
8313.833967
8273.952993
8247.660227
8207.763667
8189.706688
8149.796871
8130.000000
8091.832554
8070.000000
8033.870836
8010.000000
7975.911784
7935.957689
7915.280919
7890.000000
7887.326573
7847.354985
7807.381265
7767.400390
7740.000000
7701.458253
7680.000000
7643.511322
7620.000000
7585.566936
7545.567918
7517.188502
7478.432318
7463.114668
7423.115552
7405.134945
7365.138321
7347.155748
7307.163125
7289.176841
7249.189809
7230.000000
7191.218211
7151.243055
7130.567055
7090.601786
7068.688536
7028.733964
7014.614907
6974.671325
6956.638427
6916.706960
6894.762540
6854.844085
6840.000000
6800.778107
6760.880343
6740.082026
6700.198171
6678.213517
6639.493049
6620.240084
6580.382926
6566.157869
6526.312766
6508.182169
6468.348523
6450.000000
6410.383333
6390.000000
6352.416948
6312.609383
6291.660416
6251.861017
6233.687052
6193.894160
6171.827727
6133.126887
6117.740811
6077.956221
6059.768415
6019.985602
5997.911417
5959.212291
5919.428855
5897.356061
5858.656258
5843.272065
5803.482097
5781.416978
5741.621144
5723.449190
5683.646287
5670.000000
5652.888833
5613.077036
5573.257217
5533.430633
5510.848525
5471.009993
5460.000000
5440.279283
5400.427388
5360.565248
5333.072884
5293.196048
5279.011136
5239.121294
5217.160289
5178.438912
5138.527203
5116.585311
5077.858448
5062.531438
5022.594509
5004.580797
4964.632115
4942.729719
4903.997448
4884.782109
4844.812251
4826.836378
4786.857895
4746.874719
4730.157105
4690.167444
4672.213788
4632.219262
4610.365512
4570.367439
4548.559129
4508.559366
4490.578140
4450.578404
4420.878506
4380.880785
4362.900070
4322.905866
4304.922592
4264.933463
4231.325109
4204.290752
4173.351802
4146.317443
4130.993379
4091.027941
4057.407168
4030.372224
3990.424441
3972.399832
3932.463870
3900.000000
3871.794559
3856.454491
3816.543985
3798.481247
3758.583992
3724.924821
3697.887899
3682.533177
3642.662474
3602.799776
3581.947240
3542.097693
3510.000000
3481.372845
3466.003885
3426.177441
3392.475330
3365.435056
3334.506055
3307.464928
3276.535980
3249.494128
3234.111524
3194.318507
3154.528708
3120.000000
3090.965453
3060.037247
3032.994484
3002.066151
2975.023199
2959.636660
2919.853252
2901.666112
2861.880222
2843.696480
2803.906536
2764.113324
2743.140193
2703.340219
2670.000000
2642.579183
2611.649733
2584.609073
2569.237742
2529.410483
2511.273438
2471.434964
2453.311048
2413.460564
2373.602337
2352.743454
2312.871757
2280.000000
2252.166929
2236.822300
2196.924038
2178.865064
2138.953569
2120.910105
2080.985676
2062.957402
2023.020533
1983.076287
1962.375476
1922.419537
1904.424328
1864.458158
1846.475412
1806.500142
1788.528580
1748.545477
1714.961644
1687.941568
1657.016251
1629.997464
1590.000505
1568.210374
1530.000000
1500.000000
1470.000000
1440.000000
1410.000000
1380.000000
1351.607966
1320.666707
1293.631804
1262.691420
1235.656789
1204.717217
1177.682645
1140.000000
1110.000000
1080.000000
1050.000000
1020.000000
990.000000
961.123365
930.188769
903.154393
872.220385
845.185285
814.251789
787.215855
750.000000
720.000000
690.000000
660.000000
630.000000
600.000000
570.695126
540.000000
512.727301
481.797758
454.758604
423.829182
396.789062
360.000000
338.818747
300.000000
270.000000
240.000000
210.000000
180.288391
150.000000
122.318057
91.389827
64.347159
33.418835
0.000000
