-20.000000
-20.000000
-10.000000
0.000000
10.000000
20.000000
30.000000
30.000000
27.045642
14.971481
2.897207
-9.176917
-20.000000
-20.000000
-10.000000
0.000000
10.000000
20.000000
30.000000
2980.000000
2990.000000
3000.000000
3010.000000
3010.000000
3020.000000
3027.077762
3030.000000
3030.000000
3030.000000
3020.000000
3020.000000
3000.000000
2990.000000
2990.000000
2980.000000
2980.000000
2980.000000
5980.000000
5980.000000
5980.000000
5980.000000
5980.000000
5990.000000
5990.000000
6000.000000
6010.000000
6010.000000
6010.000000
6020.000000
6030.000000
6030.000000
6030.000000
6020.000000
6020.000000
6017.390965
6968.488408
7008.482664
7048.476920
7088.471175
7128.465431
7168.459687
7208.453943
7248.448198
7288.442454
7328.436710
7368.430966
7408.425222
7448.419477
7488.413733
7528.407989
7568.402245
7608.396500
7648.390756
8996.423369
8980.000000
8980.000000
8980.000000
8980.000000
8980.000000
8980.000000
8990.000000
8990.000000
8990.000000
8990.000000
9000.000000
9002.256811
9010.000000
9010.000000
9010.000000
9020.000000
9020.000000
9219.564307
9259.558563
9299.552818
9339.547074
9379.541330
9419.535586
9459.529841
9499.524097
9539.518353
9579.512609
9619.506864
9659.501120
9699.495376
9739.489632
9779.483888
9819.478143
9859.472399
9899.466655
12020.000000
12029.467299
12030.000000
12030.000000
12030.000000
12026.743868
12020.000000
12010.000000
12010.000000
12000.000000
12000.000000
12000.000000
11990.000000
11990.000000
11990.000000
11990.000000
11990.000000
12000.000000
9288.079702
9248.116057
9208.148709
9168.179357
9128.203240
9088.205663
9048.208086
9008.210510
8968.212933
8928.215356
8888.217780
8848.220203
8808.222627
8768.225050
8728.227473
8688.229897
8648.232320
8608.234744
5288.607448
5248.609162
5208.610876
5168.612589
5128.614303
5088.615979
5048.617629
5008.619279
4968.620325
4928.620416
4888.620983
4848.621103
4808.621114
4768.621910
4728.622710
4688.623511
4648.624079
4608.625268
1288.739275
1248.739970
1208.740196
1168.740817
1128.741181
1088.741726
1048.746077
1008.751199
968.758077
928.762442
888.770914
848.774306
808.777075
768.805781
728.850529
688.880347
648.919886
-20.000000
