0.000000
0.000000
30.000000
50.176470
89.960070
108.147541
147.933811
166.118106
205.908613
224.087892
263.884140
282.056635
321.860044
340.024081
379.835964
419.653678
440.585586
480.000000
498.552664
538.392486
556.518045
596.369960
614.481539
654.346142
672.442990
712.320687
730.402286
770.293285
810.000000
830.978865
870.000000
888.937118
928.863023
946.893000
986.831275
1004.846524
1044.796464
1062.797752
1102.758474
1120.746787
1160.717245
1200.000000
1221.333413
1260.000000
1279.280076
1319.270292
1337.224682
1377.219673
1395.167456
1435.165651
1453.108647
1493.108426
1511.048525
1551.048245
1590.000000
1611.628933
1650.000000
1669.565469
1709.557125
1723.739300
1758.585409
1773.906247
1813.885496
1831.884151
1871.854849
1890.000000
1929.823144
1950.000000
1987.790699
2027.734822
2048.459821
2088.390797
2106.435095
2146.353368
2164.410830
2204.315998
2222.387091
2262.278949
2280.363900
2320.242447
2340.000000
2378.206669
2418.064205
2438.929350
2478.773976
2496.903502
2536.736478
2554.878090
2594.700292
2612.852981
2652.665444
2670.828004
2710.631911
2730.000000
2768.599618
2808.392533
2829.365938
2869.153741
2887.338418
2927.122915
2945.310543
2985.093327
3003.282059
3043.064748
3061.252707
3101.036920
3120.000000
3159.009562
3198.799626
3219.776849
3259.572773
3277.744844
3317.547857
3335.711389
3375.522810
3393.676263
3433.497290
3451.639273
3491.470959
3510.000000
3549.443500
3589.294265
3610.163319
3650.027267
3668.123329
3708.000353
3726.081153
3765.971472
3784.036742
3823.940377
3841.990091
3881.907404
3900.000000
3939.870772
3960.000000
3997.832598
4037.780962
4058.469009
4098.429204
4116.416929
4156.386917
4174.362932
4214.341527
4232.307218
4272.293101
4290.250015
4330.241755
4350.000000
4388.187654
4428.185614
4448.775366
4488.775101
4506.715197
4546.714959
4572.467256
4612.465172
4622.592621
4662.587529
4688.342357
4715.501761
4740.000000
4770.807117
4810.787005
4831.457776
4871.428883
4890.000000
4929.397384
4950.000000
4987.365159
5010.000000
5045.332502
5070.000000
5103.299686
5130.000000
5161.266951
5201.172755
5221.961552
5261.853478
5280.000000
5319.816304
5340.000000
5377.781484
5400.000000
5435.746702
5460.000000
5493.711915
5520.000000
5551.679985
5591.502698
5612.428297
5652.240806
5670.403416
5710.207362
5730.000000
5768.175143
5790.000000
5826.144032
5850.000000
5884.113869
5910.000000
5942.084461
5970.000000
6000.055584
6039.838257
6060.828347
6090.000000
6090.000000
6128.585031
6168.372359
6208.163227
6240.000000
6274.530514
6300.000000
6332.502664
6360.000000
6390.000000
6405.848670
6445.670574
6485.501030
6510.000000
6549.018463
6570.000000
6606.989442
6630.000000
6664.958722
6690.000000
6722.926071
6750.000000
6780.891297
6820.794310
6841.564336
6881.481042
6900.000000
6939.444814
6960.000000
6997.405909
7020.000000
7055.364271
7080.000000
7113.319897
7140.000000
7171.272832
7211.251055
7231.880714
7271.866564
7290.000000
7329.815160
7350.000000
7387.761017
7410.000000
7445.704341
7470.000000
7503.645372
7530.000000
7561.584382
7601.582638
7622.166001
7662.160930
7680.000000
7710.000000
7739.441116
7770.000000
7797.415098
7830.000000
7855.388055
7870.711919
7910.676848
7928.687580
7968.642049
7986.663374
8026.604483
8066.543057
8087.275711
8127.199385
8133.553569
8160.592982
8190.000000
8215.841731
8255.736320
8280.000000
8316.426628
8356.298731
8377.142410
8416.999143
8456.849675
8466.050454
8493.092568
8520.000000
8548.293593
8588.117873
8624.598139
8664.409196
8700.000000
8725.161610
8760.000000
8783.132277
8822.923954
8850.000000
8868.146382
8907.931956
8926.117988
8965.901236
8984.089527
9023.872061
9042.060752
9081.844239
9090.000000
9120.000000
9150.000000
9170.588069
9210.378965
9240.000000
9271.148220
9310.949872
9331.902950
9371.714597
9411.530811
9432.461496
9472.289225
9490.426212
9530.264919
9548.389120
9588.240414
9628.098366
9648.958305
9688.829578
9695.234779
9722.265261
9750.000000
9777.501412
9817.402442
9840.000000
9878.088885
9918.012066
9938.746451
9978.684112
9990.000000
10020.000000
10051.969087
10091.927362
10112.593331
10152.563543
10192.538087
10213.177364
10253.160753
10260.000000
10290.000000
10320.000000
10341.717631
10381.712898
10410.000000
10442.304588
10482.304114
10502.888536
10542.888261
10582.887453
10591.750246
10631.747045
10650.000000
10689.681495
10710.000000
10740.000000
10770.000000
10794.016716
10833.993446
10873.964475
10897.321950
10920.000000
10952.608202
10992.558365
11013.274927
11040.000000
11068.546470
11108.472624
11130.000000
11160.000000
11184.484464
11224.384968
11250.000000
11280.000000
11280.000000
11313.035897
11352.908314
11392.772860
11432.626864
11461.734290
11490.000000
11516.940783
11556.769555
11580.000000
11617.504812
11657.316892
11678.258297
11700.000000
11733.440320
11773.236717
11794.205350
11820.000000
11849.379630
11880.000000
11907.350308
11947.133967
11970.000000
12000.000000
12000.000000
11964.122700
11940.000000
11906.150898
11866.365196
11845.380875
11820.000000
11790.207073
11750.411945
11729.445897
11700.000000
11674.264735
11634.454602
11610.000000
11580.000000
11558.324380
11518.496047
11490.000000
11457.755554
11417.905835
11400.000000
11400.000000
11371.816454
11331.946388
11292.072501
11252.188936
11225.891286
11185.989831
11160.000000
11125.305466
11085.381824
11064.647944
11040.000000
11009.384876
10969.436952
10948.750001
10920.000000
10893.473833
10853.505662
10813.531336
10790.221111
10770.000000
10734.931362
10694.942169
10674.333444
10650.000000
10619.038514
10579.040607
10546.772484
10530.000000
10491.455199
10470.000000
10440.000000
10406.439404
10366.442383
10345.795968
10305.803689
10265.814127
10245.160004
10205.177509
10187.183921
10147.209590
10140.000000
10110.000000
10080.000000
10058.593405
10018.640323
9990.000000
9957.983339
9918.050104
9897.304188
9857.386181
9840.000000
9811.114808
9771.214548
9731.322139
9696.106567
9680.752148
9640.882243
9630.000000
9594.599366
9554.747037
9522.196868
9482.359045
9475.894954
9448.852119
9417.919714
9390.000000
9360.000000
9335.687921
9295.882293
9270.000000
9235.128408
9195.334692
9174.360951
9134.573194
9094.787252
9073.802505
9034.019223
9027.487191
9000.000000
8999.515977
8959.733230
8919.949850
8887.303408
8847.516814
8820.000000
8786.744105
8746.948288
8707.149751
8667.841390
8640.000000
8609.870143
8580.000000
8551.899723
8520.000000
8509.494117
8469.655399
8451.531185
8411.679883
8371.821916
8350.961952
8311.090680
8304.685460
8277.654965
8250.000000
8222.418791
8182.517745
8160.000000
8121.831278
8081.908081
8061.173680
8021.236013
8010.000000
7980.000000
7947.952175
7914.348451
7887.326734
7856.401948
7829.381581
7800.000000
7774.094591
7734.110077
7710.000000
7673.503817
7633.509774
7593.512985
7553.514214
7528.908486
7488.908535
7470.000000
7430.928621
7410.000000
7372.950781
7350.000000
7314.974741
7290.000000
7257.000217
7230.000000
7199.026918
7159.051187
7138.374122
7098.408375
7080.000000
7040.440057
7020.000000
6982.472881
6960.000000
6924.506019
6900.000000
6866.539210
6840.000000
6808.572222
6768.673238
6747.873361
6707.988287
6689.896538
6650.024702
6630.000000
6592.060311
6570.000000
6534.095002
6510.000000
6476.128707
6450.000000
6445.387707
6405.566012
6365.749395
6325.940209
6299.434907
6259.634859
6240.000000
6201.666690
6180.000000
6143.697442
6120.000000
6085.727290
6060.000000
6054.954704
6015.171957
5975.389324
5935.606183
5909.013089
5869.227484
5850.000000
5811.254633
5790.000000
5753.281733
5730.000000
5695.309093
5670.000000
5637.337022
5610.000000
5579.365818
5539.539937
5518.629736
5478.792271
5460.000000
5420.820173
5400.000000
5362.849627
5340.000000
5304.880889
5280.000000
5246.914177
5220.000000
5188.949670
5149.039866
5128.282215
5088.358891
5070.000000
5030.396076
5010.000000
4972.435995
4950.000000
4914.478682
4890.000000
4856.524122
4830.000000
4798.572251
4758.590079
4737.968105
4697.979057
4680.000000
4640.031715
4606.541318
4566.543174
4548.559129
4508.559366
4490.578140
4455.728092
4440.000000
4400.412989
4380.000000
4342.436127
4302.443833
4281.792381
4241.806061
4223.814833
4183.835752
4165.837410
4125.866908
4107.859907
4067.899191
4049.882150
4009.932276
3990.000000
3951.965258
3912.034082
3891.289398
3851.371472
3833.314424
3793.409610
3775.338939
3735.447437
3717.362908
3677.484715
3659.386338
3619.521251
3600.000000
3561.556903
3521.712067
3500.825871
3460.993196
3442.851924
3403.029996
3384.877615
3345.065394
3326.903103
3287.099404
3268.928580
3229.132094
3210.000000
3171.163574
3131.375685
3110.393833
3070.609402
3052.421829
3012.639066
2994.450337
2954.667625
2936.479615
2896.695336
2878.509926
2838.722483
2820.000000
2780.749366
2740.953533
2719.986491
2680.183269
2662.019472
2622.207808
2604.054050
2564.232750
2546.090428
2506.258442
2488.128775
2448.285212
2430.000000
2390.313368
2370.000000
2332.343189
2292.466368
2271.645266
2231.754590
2213.688899
2173.784909
2155.734780
2115.817662
2097.782880
2057.853016
2039.833126
1999.891093
1980.000000
1941.931960
1901.971918
1881.304900
1841.334665
1823.358379
1783.379571
1765.413652
1725.427595
1707.470499
1667.478625
1649.528672
1609.532278
1579.929979
1539.930869
1500.000000
1479.284822
1440.000000
1421.305158
1381.307425
1363.326691
1323.332466
1305.349162
1265.360005
1247.372317
1207.389710
1189.395909
1149.421231
1110.000000
1088.770956
1050.000000
1030.798379
990.850540
972.825862
932.889839
914.853205
874.929668
856.880246
816.969675
798.906858
759.009537
720.000000
698.313292
660.000000
640.343157
600.480957
582.372350
542.522741
524.400864
484.563214
466.428737
426.602239
408.456049
368.639729
350.482921
310.675654
270.873350
249.918635
210.123577
191.947258
152.157660
133.975579
94.189923
76.003815
36.220526
0.000000
