-100.000000
-100.000000
-90.498623
-80.000000
-70.000000
-60.000000
-50.000000
-40.000000
-31.130428
-20.000000
-20.000000
-7.993703
10.000000
20.000000
20.000000
40.000000
50.000000
51.383924
60.000000
70.000000
80.000000
90.000000
100.000000
100.000000
100.000000
95.103780
83.038623
67.242314
60.000000
50.000000
47.861038
35.801354
20.000000
10.000000
10.000000
0.000000
-11.441356
-20.000000
-35.580310
-47.654161
-69.709512
-70.000000
-80.000000
-90.000000
-100.000000
-100.000000
-100.000000
-100.000000
-90.000000
-80.000000
-65.748482
-60.000000
-50.000000
-40.000000
-30.000000
-20.000000
-6.380196
10.000000
10.000000
30.000000
40.000000
50.000000
60.000000
70.000000
90.000000
99.215311
100.000000
100.000000
100.000000
85.587887
70.000000
70.000000
60.000000
50.000000
40.000000
36.262155
24.201943
20.000000
10.000000
0.000000
-10.970883
-33.035639
-50.000000
-50.000000
-50.000000
-66.026381
-80.287208
-90.000000
-94.431008
-100.000000
-100.000000
-90.000000
-90.000000
-80.000000
-70.000000
-54.140531
-50.000000
-30.000000
-20.000000
0.000000
10.000000
15.227852
30.000000
30.000000
40.000000
59.133194
70.000000
80.000000
86.679700
90.000000
100.000000
100.000000
100.000000
96.054344
73.989592
61.924866
60.000000
50.000000
40.000000
30.000000
14.673129
10.000000
10.000000
-6.333300
-20.499689
-40.000000
-50.000000
-60.000000
-68.768124
-70.000000
-80.000000
-91.876168
-100.000000
-100.000000
-100.000000
-90.000000
-72.686942
-68.765118
-60.000000
-54.611935
-50.000000
-40.000000
-20.000000
-19.153464
0.000000
0.000000
10.000000
10.000000
30.000000
40.000000
60.000000
80.000000
86.203581
90.000000
100.000000
100.000000
90.000000
80.000000
74.456693
70.000000
60.000000
50.000000
30.000000
30.000000
20.000000
10.000000
10.000000
10.000000
-10.032415
-30.000000
-44.162139
-56.240835
-60.000000
-70.000000
-90.000000
-91.413673
-100.000000
-100.000000
-92.382874
-90.000000
-80.000000
-70.000000
-57.162945
-40.000000
-30.000000
-30.000000
-20.000000
0.000000
10.000000
14.288616
20.000000
30.000000
40.000000
50.000000
51.573277
63.643055
75.731039
80.000000
90.000000
100.000000
99.073006
80.000000
74.924610
70.000000
70.000000
70.000000
50.000000
47.673267
40.000000
33.529185
30.000000
20.000000
10.000000
-1.643696
-20.000000
-25.782657
-30.000000
-49.921617
-60.000000
-80.000000
-80.000000
-100.000000
