0.000000
0.000000
1.525231
3.389112
4.310326
2.323864
-1.508931
-4.919020
-5.145110
-0.396658
5.708600
9.632418
11.392966
4.678320
-10.606602
-14.389416
-10.606602
0.000000
10.413634
15.000000
3000.000000
3016.783333
3021.213135
3013.985432
2983.213228
2978.786865
2972.428584
2970.000000
2995.593402
3009.789928
3021.213135
3024.676397
3018.016787
3014.965571
3007.805819
2989.393311
2985.000000
2985.000000
2985.000000
6000.000000
6001.655000
6025.216659
6021.213379
5997.189974
5978.786621
5970.000000
5971.694575
5992.452245
6000.000000
6005.387653
6021.213379
6030.000000
6022.798453
6015.000000
6010.606445
6002.671905
6000.000000
6015.000000
6034.894970
6074.894970
6114.894970
6154.894970
6194.894098
6234.892638
6274.890373
6314.888725
6354.888720
6394.888369
6434.886861
6474.884824
6514.881911
6554.880519
6594.880519
6634.880518
6674.880518
6714.880320
9015.000000
