0.000000
0.000000
0.000000
0.000000
0.000000
-21.213203
-30.000000
-30.000000
-30.000000
0.541807
30.000000
15.000000
15.000000
15.000000
-10.606602
-15.000000
-10.606602
-10.606602
10.606602
15.000000
3000.000000
3027.903333
3021.213135
3003.711896
3000.000000
3000.000000
2989.383161
2998.543863
3017.353418
3021.213135
3021.213135
3012.490673
3000.000000
3000.000000
3000.000000
2989.393311
3000.000000
3010.606689
3010.606689
3973.063935
4013.063687
4053.063370
4093.059289
4133.055073
4173.051781
4213.050897
4253.048438
4293.044610
4333.043316
4373.043028
4413.042507
4453.039802
4493.036245
4533.035055
4573.034806
4613.034387
4653.033612
4693.033295
8973.029816
9000.000000
9000.000000
9000.000000
9000.000000
9000.000000
9000.000000
9000.000000
9000.000000
9000.000000
9000.000000
9000.000000
9000.000000
9000.000000
9000.000000
9021.212891
9021.212891
9021.212891
9015.000000
