-20.000000
-20.000000
-10.000000
0.000000
10.000000
20.000000
30.000000
30.000000
27.045642
14.971481
2.897207
-9.176917
-20.000000
-20.000000
-10.000000
0.000000
10.000000
20.000000
30.000000
2980.000000
2990.000000
2990.000000
3000.000000
3010.000000
3010.000000
3017.072001
3023.909923
3030.000000
3020.000000
3020.000000
3010.000000
3010.000000
3000.000000
3000.000000
2990.000000
2980.000000
2980.000000
5980.000000
5980.000000
5980.000000
5990.000000
6000.000000
6005.248750
6019.403097
6020.000000
6020.000000
6030.000000
6030.000000
6030.000000
6030.000000
6030.000000
6020.000000
6020.000000
6000.000000
5990.000000
7413.232864
7453.227120
7493.221376
7533.215632
7573.209887
7613.204143
7653.198399
7693.192655
7733.186910
7773.181166
7813.175422
7853.169678
7893.163933
7933.158189
7973.152445
8013.146701
8053.140957
8093.135212
9702.153328
9742.147583
9782.141839
9822.136095
9862.130351
9902.124606
9942.118862
9982.113118
10022.107374
10062.101629
10102.095885
10142.090141
10182.084397
10222.078652
10262.072908
10302.067164
10342.061420
10382.055676
10702.009722
10742.003977
10781.998233
10821.992489
10861.986745
10901.981000
10941.975256
10981.969512
11021.963768
11061.958024
11101.952279
11141.946535
11181.940791
11221.935047
11261.929302
11301.923558
11341.917814
11381.912070
12010.000000
12010.000000
12000.000000
12000.000000
11993.575973
11990.000000
11984.669612
11980.000000
11980.000000
11980.000000
11980.000000
11990.000000
11990.000000
11990.000000
12000.000000
12000.000000
12000.000000
12001.936143
9327.454951
9287.543493
9247.560096
9207.576700
9167.622562
9127.648307
9087.656951
9047.665595
9008.170543
8980.000000
8980.000000
8949.904856
8909.910600
8869.916344
8829.922088
8789.927833
8749.933577
8709.939321
5390.115929
5350.117280
5310.118631
5270.119981
5230.121332
5190.122683
5150.124033
5110.125384
5070.126735
5030.128086
4990.128202
4950.129012
4910.129956
4870.130012
4830.130509
4790.134454
4750.141089
4710.147723
1390.216533
1350.216994
1310.217201
1270.217630
1230.217922
1190.218319
1150.222261
1110.226958
1070.233155
1030.237186
990.244716
950.247911
910.250537
870.274531
830.311506
790.336560
750.369474
-20.000000
