-100.000000
-100.000000
-100.000000
-90.000000
-80.000000
-70.000000
-60.000000
-60.000000
-43.854700
-30.000000
-23.656745
-20.000000
-10.000000
0.000000
6.734019
10.000000
20.000000
30.000000
30.000000
40.000000
50.000000
60.000000
60.000000
70.000000
80.000000
90.000000
90.000000
100.000000
100.000000
100.000000
100.000000
90.000000
81.525414
80.000000
70.000000
60.000000
51.162767
50.000000
40.000000
30.000000
30.000000
20.000000
10.000000
7.083171
0.000000
-10.000000
-20.000000
-23.284213
-30.000000
-40.000000
-50.000000
-50.000000
-60.000000
-70.000000
-80.000000
-80.000000
-90.000000
-100.000000
-100.000000
-100.000000
-100.000000
-95.432861
-90.000000
-80.000000
-70.000000
-70.000000
-60.000000
-50.000000
-40.000000
-34.650374
-30.000000
-20.000000
-20.000000
-10.000000
0.000000
10.000000
10.000000
20.000000
30.000000
36.325642
40.000000
50.000000
60.000000
60.000000
70.000000
80.000000
80.451627
90.000000
100.000000
100.000000
100.000000
100.000000
90.000000
82.325767
80.000000
70.000000
60.000000
51.962954
50.000000
40.000000
30.000000
21.599790
20.000000
10.000000
7.878894
0.000000
-10.000000
-20.000000
-20.000000
-30.000000
-40.000000
-49.309877
-52.847081
-60.000000
-70.000000
-79.673023
-80.000000
-90.000000
-100.000000
-100.000000
-100.000000
-100.000000
-96.233564
-90.000000
-80.000000
-70.000000
-65.842234
-60.000000
-50.000000
-40.000000
-40.000000
-30.000000
-20.000000
-10.000000
-10.000000
0.000000
5.133501
10.000000
20.000000
30.000000
35.520123
40.000000
50.000000
60.000000
60.000000
70.000000
70.000000
70.000000
70.000000
70.000000
70.000000
70.000000
70.000000
70.000000
70.000000
70.000000
70.000000
70.000000
70.000000
70.000000
70.000000
70.000000
70.000000
70.000000
70.000000
70.000000
70.000000
70.000000
70.000000
70.000000
70.000000
70.000000
70.000000
70.000000
70.000000
70.000000
70.000000
70.000000
70.000000
70.000000
70.000000
70.000000
70.000000
70.000000
70.000000
70.000000
70.000000
70.000000
70.000000
70.000000
70.000000
70.000000
70.000000
70.000000
70.000000
70.000000
70.000000
70.000000
70.000000
70.000000
70.000000
70.000000
70.000000
70.000000
70.000000
70.000000
70.000000
70.000000
70.000000
70.000000
70.000000
70.000000
70.000000
70.000000
70.000000
70.000000
70.000000
70.000000
70.000000
70.000000
70.000000
70.000000
