-100.000000
-100.000000
-100.000000
-90.000000
-80.000000
-70.000000
-60.696256
-57.027656
-50.000000
-40.000000
-30.000000
-20.000000
-10.000000
0.000000
10.000000
17.361414
20.000000
30.000000
40.000000
50.000000
60.000000
70.000000
80.000000
83.886533
90.000000
100.000000
100.000000
100.000000
90.000000
80.000000
70.000000
61.761089
58.101842
50.000000
40.000000
30.000000
20.000000
10.000000
0.000000
-10.000000
-10.000000
-20.000000
-30.000000
-40.000000
-50.000000
-60.000000
-70.000000
-79.021604
-82.680897
-90.000000
-100.000000
-100.000000
-100.000000
-97.554181
-90.000000
-80.000000
-70.000000
-60.000000
-50.000000
-40.000000
-30.000000
-23.165206
-19.496428
-10.000000
0.000000
10.000000
20.000000
30.000000
40.000000
50.000000
50.000000
60.000000
70.000000
80.000000
90.000000
100.000000
100.000000
100.000000
98.590919
90.000000
80.000000
70.000000
60.000000
50.000000
40.000000
30.000000
24.267940
20.000000
10.000000
0.000000
-10.000000
-20.000000
-30.000000
-38.532216
-42.191669
-50.000000
-60.000000
-70.000000
-80.000000
-90.000000
-100.000000
-100.000000
-100.000000
-100.000000
-100.000000
-100.000000
-100.000000
-100.000000
-100.000000
-100.000000
-100.000000
-100.000000
-100.000000
-100.000000
-100.000000
-100.000000
-100.000000
-100.000000
-100.000000
-100.000000
-100.000000
-100.000000
-100.000000
-100.000000
-100.000000
-100.000000
-100.000000
-100.000000
-100.000000
-100.000000
-100.000000
-100.000000
-100.000000
-100.000000
-100.000000
-100.000000
-100.000000
-100.000000
-100.000000
-100.000000
-100.000000
-100.000000
-100.000000
-100.000000
-100.000000
-100.000000
-100.000000
-100.000000
-100.000000
-100.000000
-100.000000
-100.000000
-100.000000
-100.000000
-100.000000
-100.000000
-100.000000
-100.000000
-100.000000
-100.000000
-100.000000
-100.000000
-100.000000
-100.000000
-100.000000
-100.000000
-100.000000
-100.000000
-100.000000
-100.000000
-100.000000
-100.000000
-100.000000
-100.000000
-100.000000
-100.000000
-100.000000
-100.000000
-100.000000
-100.000000
-100.000000
-100.000000
-100.000000
-100.000000
-100.000000
-100.000000
-100.000000
-100.000000
-100.000000
-100.000000
-100.000000
-100.000000
-100.000000
-100.000000
-100.000000
-100.000000
-100.000000
-100.000000
-100.000000
-100.000000
-100.000000
-100.000000
-100.000000
-100.000000
-100.000000
-100.000000
-100.000000
-100.000000
-100.000000
-100.000000
-100.000000
-100.000000
-100.000000
-100.000000
-100.000000
-100.000000
-100.000000
-100.000000
-100.000000
-100.000000
-100.000000
-100.000000
