-100.000000
-100.000000
-100.000000
-90.000000
-80.000000
-70.000000
-59.045268
-50.000000
-40.000000
-30.000000
-20.000000
-20.000000
-10.000000
0.000000
10.000000
20.000000
20.000000
30.000000
40.000000
50.000000
50.000000
60.000000
70.000000
80.000000
80.827117
90.000000
100.000000
100.000000
100.000000
100.000000
90.000000
80.000000
76.338823
70.000000
60.000000
52.016009
50.000000
40.000000
30.000000
20.610811
20.000000
10.000000
0.000000
-10.000000
-10.000000
-20.000000
-30.000000
-30.000000
-40.000000
-50.000000
-60.000000
-60.479412
-70.000000
-80.000000
-90.000000
-91.884560
-100.000000
-100.000000
-100.000000
-100.000000
-90.000000
-80.000000
-70.000000
-70.000000
-60.000000
-50.000000
-40.000000
-40.000000
-30.000000
-20.000000
-20.000000
-10.000000
0.000000
10.000000
10.000000
20.000000
30.000000
40.000000
50.000000
50.000000
60.000000
70.000000
71.677567
80.000000
90.000000
100.000000
100.000000
100.000000
100.000000
92.556941
90.000000
80.000000
70.000000
61.156679
60.000000
50.000000
40.000000
30.000000
30.000000
20.000000
10.000000
0.000000
0.000000
-10.000000
-20.000000
-20.000000
-30.000000
-40.000000
-44.265848
-51.338587
-60.000000
-70.000000
-75.661370
-80.000000
-90.000000
-100.000000
-100.000000
-100.000000
-100.000000
-90.000000
-81.514740
-80.000000
-70.000000
-60.000000
-60.000000
-50.000000
-40.000000
-30.000000
-20.000000
-20.000000
-10.000000
0.000000
0.000000
10.000000
20.000000
24.011556
30.000000
40.000000
50.000000
60.000000
60.000000
70.000000
80.000000
80.000000
80.000000
80.000000
80.000000
80.000000
80.000000
80.000000
80.000000
80.000000
80.000000
80.000000
80.000000
80.000000
80.000000
80.000000
80.000000
80.000000
80.000000
80.000000
80.000000
80.000000
80.000000
80.000000
80.000000
80.000000
80.000000
80.000000
80.000000
80.000000
80.000000
80.000000
80.000000
80.000000
80.000000
80.000000
80.000000
80.000000
80.000000
80.000000
80.000000
80.000000
80.000000
80.000000
80.000000
80.000000
80.000000
80.000000
80.000000
80.000000
80.000000
80.000000
80.000000
80.000000
80.000000
80.000000
80.000000
80.000000
80.000000
80.000000
80.000000
80.000000
80.000000
80.000000
80.000000
80.000000
80.000000
80.000000
80.000000
80.000000
80.000000
80.000000
80.000000
80.000000
80.000000
80.000000
80.000000
80.000000
80.000000
80.000000
