0
-8.6478
-10
0
10
20
30
30
20
10
0
-10
-20
-20
-10
0
10
20
30
2980
2990
3010
3020
3030
3030
3010
3000
2990
2980
2980
2990
3000
3010
3020
3030
5980
5990
6000
6010
6020
6030
6030
6020
6010
6000
5990
5980
5980
5990
6010
6020
6030
8690.07
8772.09
8826.78
8854.1
8881.44
8935.48
9017.38
9000
8980
8990
9000
9010
9030
11980
11990
12010
12020
12028.6
12020
12010
12000
11990
11980
11988.6
12000
12030
12030
12020
12010
11990
11980
12010
12030
12030
12020
12010
12000
11990
11980
11706.6
11241.7
9030
9020
9010
8990
8981.71
8980
8990
9000
9008.29
9020
9030
9030
9010
9000
8990
8825.93
6030
6020
6000
5990
5980.12
5990
6000
6010
6020
6030
6022.59
6010
6000
5990
5980
3030
3020
3010
3000
2990
2980
2980
2990
3000
3010
3020
3030
3030
3010
3000
2990
2980
30
20
10
0
-10
-20
-20
-10
0
10
20
30
30
20
10
0
-10
-20.000000
