0.000000
0.000000
19.201299
30.000000
6.275495
-21.213203
-30.000000
-30.000000
-30.000000
0.849739
30.000000
15.000000
15.000000
15.000000
-10.606602
-15.000000
-10.606602
-10.606602
10.606602
15.000000
3000.000000
3000.000000
3008.184488
3000.847869
2978.786865
2978.786865
2978.786865
2978.786865
2978.786865
3011.886085
3030.000000
3030.000000
3030.000000
3030.000000
3030.000000
3014.166640
2989.393311
3000.482046
3010.606689
6000.000000
6000.000000
6030.000000
6030.000000
6030.000000
6030.000000
6017.035150
5977.047852
5978.786621
5978.786621
5978.786621
6009.279964
6015.000000
6015.000000
6000.000000
6000.000000
5985.000000
5989.393555
6015.000000
6015.000000
6015.000000
6015.000000
6020.726163
6060.725167
6100.724171
6140.723176
6180.722180
6220.721184
6260.720188
6300.719192
6340.718302
6380.718288
6420.718274
6460.718260
6500.718245
6540.717059
6580.715266
9015.000000
