-100.000000
-100.000000
-99.445881
-80.000000
-80.000000
-70.000000
-60.000000
-50.000000
-50.000000
-36.589292
-30.000000
-20.000000
-10.000000
0.000000
10.000000
10.000000
20.000000
30.000000
31.468818
40.000000
50.000000
60.000000
64.970817
70.000000
80.000000
90.000000
100.000000
100.000000
100.000000
100.000000
90.000000
80.000000
80.000000
70.000000
60.000000
50.000000
50.000000
40.000000
30.000000
20.000000
19.006873
10.000000
0.000000
-10.000000
-20.000000
-20.000000
-30.000000
-40.000000
-50.000000
-50.000000
-60.000000
-70.000000
-80.000000
-82.454623
-90.000000
-100.000000
-100.000000
-100.000000
-100.000000
-90.000000
-80.000000
-70.000000
-69.519718
-60.000000
-50.000000
-40.000000
-36.017447
-30.000000
-20.000000
-10.000000
-2.514679
0.000000
10.000000
20.000000
30.000000
32.031146
40.000000
50.000000
60.000000
70.000000
70.000000
80.000000
90.000000
99.040892
100.000000
100.000000
100.000000
90.000000
86.431701
80.000000
70.000000
60.000000
50.000000
50.000000
40.000000
30.000000
20.000000
10.000000
10.000000
0.000000
-10.000000
-15.034390
-20.000000
-30.000000
-40.000000
-48.499061
-50.000000
-60.000000
-70.000000
-80.000000
-80.000000
-90.000000
-100.000000
-100.000000
-100.000000
-100.000000
-90.000000
-80.000000
-70.001597
-68.953504
-60.000000
-50.000000
-40.000000
-35.455751
-30.000000
-20.000000
-10.000000
-1.948434
0.000000
10.000000
20.000000
30.000000
32.602129
40.000000
40.000000
40.000000
40.000000
40.000000
40.000000
40.000000
40.000000
40.000000
40.000000
40.000000
40.000000
40.000000
40.000000
40.000000
40.000000
40.000000
40.000000
40.000000
40.000000
40.000000
40.000000
40.000000
40.000000
40.000000
40.000000
40.000000
40.000000
40.000000
40.000000
40.000000
40.000000
40.000000
40.000000
40.000000
29.973957
-42.855361
-60.000000
-50.000000
-40.000000
-30.000000
-20.000000
-10.000000
-10.000000
0.000000
9.941827
10.000000
20.000000
20.000000
20.466531
44.492387
50.000000
60.000000
60.000000
60.000000
60.000000
60.000000
60.000000
60.000000
60.000000
60.000000
60.000000
60.000000
60.000000
60.000000
60.000000
60.000000
60.000000
60.000000
60.000000
60.000000
60.000000
60.000000
60.000000
60.000000
60.000000
60.000000
60.000000
60.000000
60.000000
60.000000
60.000000
60.000000
60.000000
60.000000
60.000000
60.000000
60.000000
70.000000
