0.000000
0.000000
15.362689
54.061957
90.000000
100.376189
139.075897
177.776333
210.000000
224.087892
262.789781
300.000000
309.096718
347.800395
386.505762
420.000000
432.806572
471.514615
510.000000
517.807610
556.518365
595.231396
630.000000
641.515685
680.232059
718.950825
726.506619
765.226040
803.947811
840.000000
850.212486
888.937618
927.664881
960.000000
973.919637
1012.649925
1050.000000
1058.895224
1097.627710
1136.361545
1170.000000
1182.598196
1221.334082
1260.000000
1267.563576
1306.300444
1345.037479
1380.000000
1391.261047
1429.998810
1468.735913
1476.218740
1514.956007
1553.692062
1590.000000
1599.909707
1638.645090
1677.378433
1710.000000
1719.833800
1740.000000
1779.042733
1800.000000
1825.301395
1862.824612
1901.570712
1920.000000
1949.051167
1986.583206
2010.000000
2034.055996
2071.597745
2110.333544
2130.000000
2157.795000
2195.346921
2220.000000
2242.799629
2280.363477
2319.087950
2340.000000
2366.527272
2404.103501
2442.820800
2460.000000
2490.000000
2527.835483
2550.000000
2575.254859
2612.852745
2651.560414
2670.000000
2698.970236
2736.576578
2760.000000
2783.981592
2821.593737
2860.295035
2880.000000
2907.695116
2945.310505
2970.000000
2992.709076
3030.324791
3069.023847
3090.000000
3116.422838
3154.035646
3192.735636
3210.000000
3240.000000
3277.745007
3300.000000
3325.151456
3362.750008
3401.454488
3420.000000
3448.869041
3486.456222
3510.000000
3533.877020
3571.451839
3610.163673
3630.000000
3657.595412
3695.155422
3720.000000
3742.594529
3780.140193
3818.860659
3840.000000
3866.311351
3903.841362
3942.567341
3960.000000
3990.000000
4027.543864
4050.000000
4075.011465
4112.514018
4151.246787
4170.000000
4198.722256
4236.213078
4260.000000
4283.692091
4321.174679
4359.911045
4380.000000
4407.393316
4444.869537
4470.000000
4492.352052
4530.000000
4569.824858
4595.576660
4634.312228
4673.045802
4710.000000
4710.000000
4724.245815
4751.281530
4791.264130
4828.779987
4866.301481
4905.047486
4920.000000
4952.527630
4990.058532
5010.000000
5037.531062
5075.071454
5113.806686
5130.000000
5161.266104
5198.818555
5220.000000
5246.269568
5283.833303
5322.556970
5340.000000
5369.994422
5407.570979
5446.287548
5460.000000
5492.587679
5531.300676
5550.000000
5578.719574
5616.316573
5655.023837
5674.291051
5701.334582
5741.134265
5760.000000
5790.000000
5826.143770
5863.756528
5880.000000
5910.071796
5948.771623
5970.000000
5996.170156
6033.785909
6072.485039
6090.000000
6119.884140
6157.497277
6196.197484
6210.000000
6242.506316
6281.207707
6300.000000
6328.614503
6366.213836
6404.918747
6420.000000
6451.214691
6489.921915
6510.000000
6537.343231
6570.000000
6583.634657
6623.491922
6660.000000
6698.625031
6720.000000
6746.064731
6783.611583
6822.332639
6840.000000
6869.783916
6907.315070
6946.041604
6960.000000
6992.290641
7031.019694
7050.000000
7078.487778
7115.991228
7154.724405
7170.000000
7200.957072
7239.691750
7260.000000
7287.171052
7324.654115
7363.390666
7380.000000
7410.000000
7448.349494
7470.000000
7495.832047
7533.305644
7572.041455
7590.000000
7619.521746
7656.995070
7695.728272
7710.000000
7731.630276
7758.665378
7797.414417
7800.000000
7825.380898
7865.353336
7905.320060
7940.394421
7980.000000
8006.170471
8025.403100
8065.339545
8091.175876
8129.908226
8149.146076
8189.056473
8214.912200
8250.000000
8272.880191
8310.000000
8338.639806
8357.888766
8397.751777
8423.645605
8430.000000
8451.611980
8491.452967
8531.288981
8566.626165
8606.446942
8632.375168
8670.000000
8690.345466
8730.000000
8730.000000
8745.358098
8785.152169
8824.944443
8864.733178
8899.074940
8938.859162
8964.817454
9000.000000
9022.788814
9060.000000
9088.531139
9107.802802
9147.589019
9154.115262
9193.905372
9231.516549
9270.000000
9297.260673
9316.527081
9356.335145
9382.271979
9420.000000
9440.240880
9480.000000
9505.988633
9525.244692
9565.090343
9590.993249
9629.708599
9660.000000
9687.676173
9720.000000
9750.000000
9772.673346
9810.000000
9838.428325
9857.663434
9897.582485
9923.418721
9960.000000
9981.375745
10020.000000
10047.133116
10066.354047
10106.315284
10132.110999
10170.000000
10190.060879
10230.000000
10255.818244
10275.028013
10315.018063
10340.784106
10379.522244
10398.727292
10438.725571
10464.481842
10500.000000
10522.421801
10562.421249
10590.000000
10620.000000
10646.109697
10686.102895
10710.000000
10739.014737
10746.523346
10786.506132
10824.022723
10861.545298
10900.291899
10920.000000
10947.774004
10955.298301
10995.247379
11032.778820
11070.319779
11109.056066
11130.000000
11156.517735
11194.070088
11232.799025
11250.000000
11280.000000
11317.811989
11340.000000
11365.251525
11402.828173
11430.000000
11430.000000
11458.970501
11498.809904
11538.644658
11573.980481
11611.578693
11650.286511
11670.000000
11697.696472
11735.303058
11760.000000
11782.708176
11820.320494
11859.021859
11880.000000
11906.421994
11914.036928
11953.820174
11993.603125
12000.000000
11962.249056
11940.000000
11914.850485
11877.236677
11838.537100
11820.000000
11791.135710
11753.527199
11730.000000
11706.122424
11668.521486
11629.818024
11610.000000
11582.405751
11544.815605
11520.000000
11497.397388
11459.819180
11421.108747
11400.000000
11373.679897
11336.116196
11297.400206
11280.000000
11250.000000
11212.411614
11190.000000
11164.963840
11127.430063
11088.705470
11070.000000
11041.246585
11003.728047
10980.000000
10980.000000
10947.524201
10907.563935
10867.600111
10832.551614
10795.058150
10770.000000
10747.580459
10740.000000
10700.097443
10660.105739
10623.878037
10583.880562
10543.881622
10530.000000
10493.632297
10454.875582
10440.000000
10422.998434
10410.000000
10375.498118
10335.502673
10299.230791
10260.000000
10233.444300
10214.219631
10174.241045
10148.435993
10110.000000
10090.463067
10050.503691
10024.685713
10005.453895
9965.511542
9939.679764
9900.945595
9881.708617
9841.791896
9815.941220
9780.000000
9757.972401
9720.000000
9692.211565
9672.963632
9633.094346
9607.205705
9570.000000
9549.236432
9510.000000
9483.484129
9464.224841
9424.398740
9398.474736
9360.000000
9340.504304
9300.697755
9274.758195
9255.490287
9215.694920
9189.745470
9151.044790
9131.774121
9091.988493
9066.031341
9030.000000
9008.060053
8970.000000
8942.317811
8923.045919
8883.261253
8857.303580
8820.000000
8799.332478
8760.000000
8733.588791
8714.321452
8674.517608
8648.577143
8610.000000
8590.608137
8550.785527
8524.861142
8505.603512
8465.764043
8459.314709
8419.463853
8381.890696
8342.025731
8316.139814
8280.000000
8258.175902
8220.000000
8192.421648
8173.184711
8133.272323
8107.430055
8070.000000
8049.472480
8010.000000
7983.715527
7964.492935
7924.537087
7898.736273
7860.001374
7840.785705
7800.810074
7775.028311
7755.817315
7715.830373
7690.061090
7651.323111
7632.116975
7592.120290
7554.641743
7530.000000
7497.965625
7459.208862
7440.000000
7411.705482
7374.192941
7335.438398
7320.000000
7289.177561
7250.425191
7230.000000
7202.931397
7165.411694
7126.664165
7110.000000
7080.000000
7041.652621
7002.911230
6990.000000
6956.638978
6917.901553
6900.000000
6870.437239
6832.889228
6794.159106
6780.000000
6747.873800
6709.147934
6690.000000
6661.705766
6624.133498
6585.414895
6570.000000
6539.115985
6500.401264
6480.000000
6452.979539
6415.384820
6376.676143
6360.000000
6330.000000
6291.660598
6252.956676
6240.000000
6206.643661
6167.941792
6150.000000
6120.540914
6082.926254
6044.226576
6030.000000
5997.911418
5959.212291
5940.000000
5911.813654
5874.199620
5835.499884
5820.000000
5788.097633
5750.489391
5730.000000
5703.083715
5665.482793
5625.671175
5610.000000
5580.000000
5541.775263
5503.067029
5490.000000
5456.777475
5418.066558
5400.000000
5370.637213
5333.072497
5294.355990
5280.000000
5248.085329
5209.365835
5190.000000
5161.917543
5124.382746
5085.657657
5070.000000
5039.406550
5000.678815
4980.000000
4953.213135
4915.706582
4876.974418
4860.000000
4830.000000
4792.006263
4753.270936
4740.000000
4707.043214
4668.307025
4650.000000
4620.824723
4580.827130
4540.828141
4521.521830
4482.765645
4463.541330
4440.000000
4416.038899
4378.525402
4339.771029
4320.000000
4292.272820
4254.756499
4230.000000
4207.263357
4169.741713
4130.994023
4110.000000
4083.510373
4045.980447
4007.238743
3990.000000
3959.767167
3922.226773
3900.000000
3874.763419
3837.212322
3798.481719
3780.000000
3751.031893
3713.468113
3690.000000
3666.026704
3628.451529
3589.732413
3570.000000
3542.302396
3504.716782
3480.000000
3457.294435
3419.698552
3380.989339
3360.000000
3333.577168
3295.972389
3257.268073
3240.000000
3210.000000
3172.252252
3150.000000
3124.851147
3087.236166
3048.536397
3030.000000
3001.137892
2963.522111
2940.000000
2916.123567
2878.509853
2839.810344
2820.000000
2792.409033
2754.800719
2730.000000
2707.396061
2669.795389
2631.092076
2610.000000
2583.679961
2546.090159
2507.382546
2490.000000
2460.000000
2422.384075
2400.000000
2374.955432
2337.392158
2298.676384
2280.000000
2251.236223
2213.688447
2190.000000
2166.240890
2128.707540
2089.983156
2070.000000
2042.524475
2005.006328
1980.000000
1957.541276
1920.000000
1881.304276
1860.000000
1833.830738
1796.337543
1757.602616
1740.000000
1710.123090
1672.639656
1650.000000
1625.157552
1585.160054
1545.161179
1518.041834
1479.285650
1440.529090
1433.024763
1394.269777
1355.514974
1320.000000
1309.254949
1270.503140
1231.752318
1224.241297
1185.492161
1146.744477
1110.000000
1100.480089
1061.736523
1022.995006
990.000000
976.726694
937.989772
900.000000
891.715224
852.982429
814.252276
780.000000
767.971808
729.246393
690.523711
682.958498
644.237233
605.518651
570.000000
559.224374
520.509998
481.798063
474.208825
435.497974
396.789316
360.000000
350.482921
311.777351
273.073463
240.000000
226.762854
188.061098
150.000000
141.747260
103.046929
64.347215
30.000000
0.000000
