-20.000000
-20.000000
-10.000000
0.000000
10.000000
20.000000
30.000000
30.000000
20.000000
10.000000
0.000000
-10.000000
-20.000000
-20.000000
-10.000000
-2.969020
10.000000
20.000000
30.000000
2980.000000
2990.000000
2990.000000
3000.000000
3010.000000
3022.104444
3030.000000
3030.000000
3020.000000
3006.716762
3000.000000
3000.000000
2996.090213
2980.000000
2987.771740
3000.000000
3010.000000
3025.640280
5980.000000
5980.000000
5990.000000
6001.676320
6020.000000
6020.000000
6020.951677
6020.565008
6020.000000
6000.000000
6000.000000
5984.990213
5980.000000
5990.000000
5994.485395
6010.000000
6020.000000
6030.000000
8980.000000
8990.000000
8990.000000
8991.376320
9010.000000
9010.000000
9030.000000
9027.848208
9010.541457
9010.000000
8991.823467
8986.669621
8980.000000
8990.000000
9000.000000
9004.508947
9020.000000
9030.000000
11980.000000
11987.124902
12000.000000
12010.000000
12010.000000
12021.742987
12030.000000
12030.000000
12017.824657
12000.517792
11990.000000
11990.000000
11980.000000
11990.000000
12000.000000
12000.000000
12010.000000
12010.000000
12023.536362
12030.000000
12014.289010
12000.000000
11990.000000
11990.000000
11986.918896
11990.000000
12000.000000
12000.000000
12011.409787
12030.000000
12030.000000
12030.000000
12020.753721
12020.000000
12020.000000
11996.881998
9030.000000
9020.000000
9010.000000
9010.000000
8994.783947
8988.696585
8980.000000
8980.000000
8986.394414
9000.000000
9010.000000
9010.000000
9017.573019
9030.000000
9030.000000
9018.555522
9001.248620
9000.000000
6030.000000
6020.329231
6010.000000
6000.000000
5996.457433
5980.000000
5980.000000
5990.000000
5990.000000
6007.009867
6020.000000
6020.000000
6025.899439
6020.000000
6010.000000
6000.000000
5992.922200
5980.000000
3030.000000
3022.002717
3010.000000
3000.000000
2990.000000
2980.824130
2980.000000
2990.000000
3000.000000
3010.000000
3020.000000
3020.000000
3030.000000
3030.000000
3010.000000
3006.292649
2994.595687
2990.000000
30.000000
23.676203
10.000000
0.000000
-10.000000
-17.502384
-20.000000
-10.000000
0.000000
8.680763
20.000000
30.000000
30.000000
20.140895
10.000000
0.000000
-10.000000
-20.000000
