-100.000000
-100.000000
-90.000000
-100.000000
-90.000000
-100.000000
-90.000000
-100.000000
-90.000000
-100.000000
-90.000000
-100.000000
-90.000000
-90.000000
-90.000000
-100.000000
-90.000000
-97.819747
-90.000000
-90.000000
-90.000000
-100.000000
-90.000000
-80.000000
-70.000000
-70.000000
-70.000000
-78.173604
-70.000000
-80.000000
-70.000000
-78.007201
-71.098103
-80.000000
-70.000000
-80.000000
-80.000000
-80.000000
-71.273058
-80.000000
-70.000000
-79.101213
-70.000000
-80.000000
-70.000000
-60.000000
-50.000000
-60.000000
-50.000000
-60.000000
-50.000000
-60.000000
-50.000000
-60.000000
-50.000000
-58.294678
-50.000000
-60.000000
-50.000000
-60.000000
-52.049992
-60.000000
-60.000000
-60.000000
-50.000000
-60.000000
-50.000000
-40.000000
-40.000000
-40.000000
-40.000000
-40.000000
-30.000000
-40.000000
-40.000000
-40.000000
-30.000000
-40.000000
-40.000000
-40.000000
-30.000000
-40.000000
-30.000000
-40.000000
-30.000000
-40.000000
-30.000000
-40.000000
-30.000000
-20.000000
-11.926388
-18.338534
-10.000000
-20.000000
-14.046837
-18.658131
-10.000000
-18.534617
-10.000000
-20.000000
-10.000000
-20.000000
-10.000000
-20.000000
-10.000000
-20.000000
-10.000000
-20.000000
-10.000000
-19.399206
-10.000000
0.000000
10.000000
0.000000
0.000000
0.000000
8.416100
0.000000
10.000000
0.000000
10.000000
0.000000
10.000000
0.000000
10.000000
0.000000
10.000000
0.000000
0.000000
0.000000
8.296203
0.000000
10.000000
20.000000
20.000000
20.000000
30.000000
20.000000
30.000000
20.000000
28.034884
20.792342
28.509994
20.000000
20.000000
20.000000
30.000000
20.000000
30.000000
20.000000
30.000000
20.000000
30.000000
20.000000
30.000000
40.000000
47.840819
40.000000
50.000000
40.000000
50.000000
40.000000
50.000000
40.000000
40.000000
40.000000
50.000000
50.000000
50.000000
50.000000
50.000000
41.046289
40.000000
40.000000
47.479389
40.000000
50.000000
50.000000
50.000000
55.190516
70.000000
60.000000
60.000000
60.000000
60.000000
60.000000
70.000000
60.000000
70.000000
60.000000
60.000000
60.000000
70.000000
60.000000
70.000000
60.000000
70.000000
70.000000
70.000000
80.000000
87.756531
90.000000
90.000000
80.000000
90.000000
80.000000
88.196787
80.000000
90.000000
80.000000
90.000000
83.098709
90.000000
82.389338
90.000000
82.203582
90.000000
80.000000
90.000000
80.000000
90.000000
100.000000
