-100.000000
-100.000000
-100.000000
-90.000000
-100.000000
-92.719556
-90.000000
-100.000000
-90.000000
-100.000000
-92.908206
-90.000000
-100.000000
-90.000000
-100.000000
-100.000000
-90.000000
-100.000000
-90.000000
-95.178291
-100.000000
-90.000000
-100.000000
-90.000000
-90.000000
-100.000000
-90.000000
-100.000000
-90.000000
-80.000000
-73.274730
-70.000000
-80.000000
-70.000000
-80.000000
-70.000000
-80.000000
-70.474483
-73.185505
-80.000000
-70.000000
-80.000000
-70.000000
-80.000000
-70.000000
-80.000000
-72.491974
-71.167984
-80.000000
-70.000000
-80.000000
-70.000000
-80.000000
-70.000000
-70.000000
-60.000000
-50.000000
-60.000000
-50.000000
-53.761258
-60.000000
-50.000000
-60.000000
-50.000000
-60.000000
-50.000000
-60.000000
-59.713291
-50.000000
-60.000000
-50.000000
-60.000000
-50.000000
-60.000000
-50.000000
-54.675700
-60.000000
-50.000000
-60.000000
-50.000000
-40.000000
-30.000000
-40.000000
-30.963585
-30.000000
-30.000000
-30.000000
-30.000000
-30.000000
-30.000000
-30.000000
-30.000000
-30.000000
-30.000000
-30.000000
-30.000000
-30.000000
-30.000000
-30.000000
-30.000000
-30.000000
-30.000000
-30.000000
-30.000000
-30.000000
-30.000000
-30.000000
-30.000000
-30.000000
-30.000000
-30.000000
-30.000000
-30.000000
-30.000000
-30.000000
-30.000000
-30.000000
-30.000000
-30.000000
-30.000000
-30.000000
-30.000000
-30.000000
-30.000000
-30.000000
-30.000000
-30.000000
-30.000000
-30.000000
-30.000000
-30.000000
-30.000000
-30.000000
-30.000000
-30.000000
-30.000000
-30.000000
-30.000000
-30.000000
-30.000000
-30.000000
-30.000000
-30.000000
-30.000000
-30.000000
-30.000000
-30.000000
-30.000000
-30.000000
-30.000000
-30.000000
-30.000000
-30.000000
-30.000000
-30.000000
-30.000000
-30.000000
-30.000000
-30.000000
-30.000000
-30.000000
-30.000000
-30.000000
-30.000000
-30.000000
-30.000000
-30.000000
-30.000000
-30.000000
-30.000000
-30.000000
-30.000000
-30.000000
-30.000000
-30.000000
-30.000000
-30.000000
-30.000000
-30.000000
-30.000000
-30.000000
-30.000000
-30.000000
-30.000000
-30.000000
-30.000000
-30.000000
-30.000000
-30.000000
-30.000000
-30.000000
-30.000000
-30.000000
-30.000000
-30.000000
-30.000000
-30.000000
-30.000000
-30.000000
-30.000000
-30.000000
-30.000000
-30.000000
-30.000000
-30.000000
-30.000000
-30.000000
-30.000000
-30.000000
-30.000000
-30.000000
-30.000000
-30.000000
-30.000000
-30.000000
-30.000000
-30.000000
-30.000000
-30.000000
-30.000000
-30.000000
-30.000000
