60.000000
60.000000
50.000000
60.000000
50.000000
60.000000
50.000000
48.755453
32.954358
34.971481
37.102793
30.823083
40.000000
21.155267
10.000000
20.000000
10.000000
20.000000
10.000000
60.000000
60.000000
50.000000
50.861247
60.000000
50.000000
50.000000
53.910055
54.015897
50.000000
35.687120
30.000000
40.000000
40.000000
40.000000
40.000000
40.000000
36.316125
58.688005
60.000000
60.000000
60.000000
60.000000
60.000000
60.000000
60.000000
60.000000
60.000000
60.000000
56.065328
50.000000
60.000000
50.000000
50.000000
60.000000
60.000000
17.363771
18.041639
18.719508
19.397377
20.075246
20.753114
21.430983
22.108852
22.786721
23.464589
24.142458
24.820327
25.498196
26.176064
26.853933
27.531802
28.209670
28.887539
50.000000
50.000000
57.724896
60.000000
60.000000
50.000000
50.000000
50.000000
50.000000
50.000000
50.000000
40.000000
40.000000
40.000000
40.000000
40.000000
40.000000
38.644317
10.000000
10.000000
10.000000
10.000000
10.000000
10.000000
10.000000
10.000000
10.000000
10.000000
10.000000
10.000000
10.000000
10.000000
10.000000
10.000000
10.000000
10.000000
23.413034
21.989656
20.566277
19.142898
17.719520
16.296141
14.872762
13.173086
11.129843
9.471674
8.078351
6.685029
4.564364
2.276487
0.945041
-0.496131
-3.190585
-6.137663
-60.000000
-60.000000
-60.000000
-60.000000
-60.000000
-60.000000
-60.000000
-60.000000
-60.000000
-60.000000
-60.000000
-60.000000
-60.000000
-60.000000
-60.000000
-60.000000
-60.000000
-60.000000
-38.454355
-38.457340
-38.476210
-38.361314
-38.246418
-38.131522
-38.016627
-38.224560
-38.540032
-38.855505
-39.080632
-39.245394
-39.410157
-39.701706
-40.021239
-40.334437
-40.490905
-40.677880
-32.883550
-32.701610
-32.543275
-32.442140
-32.320319
-32.164801
-32.031649
-31.849230
-31.666811
-31.657613
-31.728297
-31.733033
-31.718064
-31.703095
-31.775389
-31.848481
-31.902430
-60.000000
