0
25.9434
50
60
50
60
50
30
40
30
40
30
40
20
10
20
10
20
10
60
50
60
50
30
40
30
40
30
40
20
10
20
10
20
10
60
50
60
50
50
30
30
40
30
40
20
10
20
20
10
12.251
55.4832
56.3453
55.628
57.2255
44.8636
40.4626
40
30
40
20
10
20
20
60
60
50
60
50
30
40
40
30
40
20
20
10
10
-10
-20
-10
-20
-10
-20
-40
-30
-30
-30
-50
-60
-60
-50
-60
-54.902
-10
-10
-20
-10
-20
-40
-30
-40
-30
-50
-50
-60
-10
-10
-20
-40
-30
-40
-40
-50
-60
-50
-60
-50
-10
-20
-10
-20
-10
-20
-40
-30
-40
-30
-40
-30
-50
-60
-50
-60
-50
-60
-10
-20
-10
-20
-10
-20
-40
-30
-40
-30
-40
-30
-50
-60
-50
-60
-50
-60.000000
