60.000000
60.000000
50.000000
60.000000
50.000000
60.000000
50.000000
48.755453
32.954358
34.971481
37.102793
30.823083
40.000000
21.155267
10.000000
20.000000
10.000000
20.000000
10.000000
60.000000
60.000000
50.000000
50.861247
60.000000
50.000000
51.812305
60.000000
54.015897
50.000000
30.000000
40.000000
40.000000
30.000000
40.000000
40.000000
30.000000
30.000000
59.944322
60.000000
60.000000
60.000000
60.000000
60.000000
60.000000
60.000000
60.000000
50.000000
50.000000
60.000000
60.000000
50.000000
50.000000
50.000000
60.000000
60.000000
27.373987
27.914479
28.454970
28.995461
29.535952
30.076443
30.616935
31.157426
31.697917
32.238408
32.778899
33.319391
33.859882
34.400373
34.940864
35.481355
36.021847
36.562338
60.000000
60.000000
60.000000
60.000000
60.000000
60.000000
50.000000
50.000000
60.000000
50.000000
50.000000
50.000000
50.000000
60.000000
60.000000
60.000000
60.000000
60.000000
20.000000
20.000000
12.840582
10.000000
10.000000
10.000000
10.000000
10.000000
10.000000
10.000000
10.000000
10.000000
10.000000
10.000000
10.000000
10.000000
10.000000
10.000000
31.029054
30.261170
29.341670
28.422170
27.502670
26.583170
25.663670
24.744170
23.824670
22.905170
21.985670
21.066170
20.146670
19.227171
18.228718
14.777907
10.038600
5.266589
-24.963032
-25.298470
-25.601310
-25.904150
-26.216215
-26.803410
-28.027621
-29.251832
-30.476043
-32.013502
-34.567954
-37.122406
-39.560582
-43.651571
-43.346205
-42.910551
-42.474898
-42.039244
-29.955112
-29.650681
-29.346249
-29.041818
-28.737387
-28.432955
-28.128524
-27.824092
-27.519661
-27.215229
-26.910798
-26.606367
-26.301935
-25.997504
-25.693072
-25.388641
-25.084209
-25.296201
-17.413078
-17.262919
-17.279768
-17.165518
-17.146801
-17.071036
-17.425031
-17.895368
-18.437445
-18.869087
-19.469371
-19.855891
-20.208552
-21.282025
-22.612914
-23.710918
-24.966899
-60.000000
