0.000000
0.000000
0.000000
20.887674
30.000000
21.213203
0.000000
-17.576469
-21.213203
-21.213203
0.000000
0.000000
0.000000
0.000000
10.606602
0.000000
-10.606602
-10.606602
-10.606602
0.000000
0.000000
0.000000
0.000000
0.000000
0.000000
0.000000
0.000000
0.000000
0.000000
0.000000
0.000000
9.166202
10.606602
10.606602
0.000000
0.000000
0.000000
0.000000
0.000000
0.000000
0.000000
0.000000
0.000000
1.297873
16.605166
21.213203
-9.511647
-21.213203
-21.213203
-5.244038
0.000000
0.000000
0.000000
6.396869
0.000000
-3.852200
-10.606602
0.000000
0.000000
0.000000
0.000000
0.156096
0.566334
0.978454
1.002489
0.680000
0.357512
0.039959
-0.277494
-0.318095
-0.149197
0.020460
0.190787
0.361114
0.531441
0.701768
0.000000
