0.000000
0.000000
0.000000
0.000000
23.724505
21.213203
0.000000
-17.576469
-21.213203
-21.213203
0.000000
0.000000
10.606602
10.606602
10.606602
0.000000
-10.606602
-10.606602
-10.606602
0.000000
0.000000
0.000000
10.805528
29.597736
21.213203
0.000000
-18.093821
-21.213203
-21.213203
-21.213203
0.000000
10.606602
15.000000
10.606602
0.000000
0.000000
-13.628049
-10.606602
-10.606602
0.000000
0.000000
0.000000
21.213203
21.213203
14.182305
0.000000
0.000000
-11.659804
-0.381845
0.000000
0.000000
0.000000
10.606602
0.000000
0.000000
-10.606602
-10.606602
0.000000
0.000000
0.000000
0.000000
0.000000
0.000000
0.000000
-0.063316
-0.372833
-0.682350
-0.991866
-1.301383
-1.343132
-1.156785
-0.970437
-0.784090
-0.753529
-0.926269
-1.165369
0.000000
