-100.000000
-100.000000
-100.000000
-100.000000
-90.000000
-92.638117
-100.000000
-93.209239
-90.000000
-100.000000
-100.000000
-90.000000
-94.066406
-100.000000
-91.776252
-90.000000
-100.000000
-98.649374
-90.000000
-95.504118
-100.000000
-90.347987
-90.000000
-100.000000
-100.000000
-90.000000
-96.932396
-100.000000
-90.000000
-90.000000
-100.000000
-95.783430
-90.000000
-98.370096
-100.000000
-90.000000
-90.000000
-100.000000
-100.000000
-90.000000
-80.000000
-80.000000
-70.000000
-70.000000
-80.000000
-80.000000
-80.000000
-80.000000
-70.000000
-72.233243
-80.000000
-73.623465
-70.000000
-80.000000
-80.000000
-70.000000
-73.628650
-80.000000
-72.228046
-70.000000
-80.000000
-79.129378
-70.000000
-75.024052
-80.000000
-70.000000
-70.000000
-80.000000
-77.724537
-70.000000
-76.419451
-80.000000
-70.000000
-70.000000
-80.000000
-74.808604
-70.000000
-70.000000
-50.000000
-50.000000
-60.000000
-56.983796
-50.000000
-60.000000
-60.000000
-50.000000
-50.291710
-60.000000
-55.546042
-50.000000
-58.602561
-60.000000
-50.000000
-51.734186
-60.000000
-54.117719
-50.000000
-60.000000
-60.000000
-50.000000
-53.157803
-60.000000
-52.679971
-50.000000
-60.000000
-59.553067
-50.000000
-54.590847
-60.000000
-60.000000
-60.000000
-60.000000
-50.000000
-44.407592
-40.000000
-30.000000
-30.000000
-40.000000
-30.000000
-30.000000
-35.350213
-40.000000
-30.000000
-30.000000
-40.000000
-37.398240
-30.000000
-40.000000
-40.000000
-30.000000
-30.000000
-40.000000
-36.002867
-30.000000
-38.145660
-40.000000
-30.000000
-31.249016
-40.000000
-34.602781
-30.000000
-30.000000
-30.000000
-30.574915
-40.000000
-30.000000
-30.000000
-40.000000
-30.000000
-30.000000
-20.000000
-20.000000
-13.876541
-10.000000
-20.000000
-20.000000
-10.000000
-13.403519
-20.000000
-10.000000
-10.000000
-20.000000
-19.325982
-10.000000
-14.836587
-20.000000
-11.015122
-10.000000
-20.000000
-17.883488
-10.000000
-20.000000
-20.000000
-20.000000
-20.000000
-18.524602
-10.000000
-15.628545
-20.000000
-20.000000
-20.000000
-20.000000
-20.000000
-20.000000
-20.000000
-20.000000
-20.000000
-20.000000
-20.000000
-20.000000
-20.000000
-20.000000
-20.000000
-20.000000
-20.000000
-20.000000
-20.000000
-20.000000
-20.000000
-20.000000
-20.000000
-20.000000
-20.000000
-20.000000
-20.000000
-20.000000
-20.000000
-20.000000
-20.000000
-20.000000
-20.000000
-20.000000
-20.000000
-20.000000
-20.000000
-20.000000
-20.000000
-20.000000
-20.000000
-20.000000
-20.000000
-20.000000
