0
25.9434
50
60
50
60
50
30
40
30
40
30
40
20
10
20
10
20
10
60
50
60
50
60
50
30
40
30
40
30
40
20
10
20
10
20
10
11.8538
60
50
60
50
60
50
30
40
30
40
30
40
10
20
10
20
10
52.769
52.5956
54.044
54.9556
53.6552
51.9655
42.2029
34.1346
40
20
10
20
20
10
60
50
60
60
50
30
30
30
40
14.0569
20
20
10
-10
-20
-10
-10
-20
-40
-30
-40
-30
-40
-30
-60
-50
-50
-60
-10
-20
-10
-20
-10
-20
-40
-30
-40
-40
-30
-50
-60
-50
-60
-50
-10
-20
-10
-20
-20
-40
-40
-40
-30
-50
-60
-50
-60
-50
-10
-20
-10
-20
-10
-20
-40
-30
-40
-30
-30
-50
-60
-50
-60
-50
-60
-10
-20
-10
-20
-10
-20
-40
-30
-40
-30
-40
-30
-50
-60
-50
-60
-50
-60.000000
