0.000000
0.000000
0.000000
21.213203
30.000000
21.213203
0.000000
0.000000
0.000000
-12.778380
0.000000
0.000000
0.000000
0.000000
10.606602
0.000000
-10.606602
-10.606602
-10.606602
0.000000
0.000000
0.000000
18.668568
29.597621
30.000000
12.972009
-21.213203
-30.000000
-21.672320
-21.213203
0.000000
10.606602
15.000000
15.000000
0.000000
0.000000
-15.000000
-15.000000
-15.000000
0.000000
0.000000
0.000000
0.000000
12.226559
0.223898
-4.155543
-28.307435
-30.000000
-7.509609
0.000000
0.000000
12.981047
15.000000
0.000000
0.000000
-10.606602
-10.606602
0.000000
0.000000
0.000000
0.000000
0.000000
0.000000
0.266035
0.500936
0.180245
-0.140446
-0.323016
-0.318121
-0.279932
-0.108502
0.062928
0.234357
0.296385
0.111508
-0.073228
0.000000
