60.000000
60.000000
50.000000
60.000000
50.000000
60.000000
50.000000
<<<<<<< HEAD
48.633787
33.040389
34.885449
37.188825
30.737052
40.000000
21.033600
=======
48.755453
32.954358
34.971481
37.102793
30.823083
40.000000
21.155267
>>>>>>> 0b7d3a452a6bf1231fda0ceace1892f3abc8bffa
10.000000
20.000000
10.000000
20.000000
10.000000
60.000000
<<<<<<< HEAD
50.000000
60.000000
50.000000
50.000000
60.000000
47.393787
33.917202
34.008637
38.065637
30.000000
40.000000
20.000000
10.000000
20.000000
10.000000
20.000000
20.000000
60.000000
50.000000
60.000000
50.000000
60.000000
50.000000
50.000000
30.000000
38.981955
33.092319
40.000000
40.000000
26.826933
10.000000
20.000000
10.000000
20.000000
10.000000
60.000000
52.476761
59.597551
50.000000
60.000000
50.000000
30.000000
30.000000
40.000000
30.000000
40.000000
32.055229
34.160267
13.796392
18.277845
10.000000
20.000000
10.000000
=======
60.000000
50.000000
50.861247
60.000000
50.000000
57.072001
56.090077
50.000000
38.628787
30.000000
40.000000
40.000000
30.000000
30.000000
40.000000
30.000000
30.000000
59.316163
60.000000
60.000000
60.000000
60.000000
60.000000
60.000000
60.000000
60.000000
60.000000
60.000000
56.065290
50.000000
50.000000
60.000000
55.203836
50.000000
31.483787
20.881457
21.559326
22.237195
22.915064
23.592932
24.270801
24.948670
25.626539
26.304407
26.982276
27.660145
28.338014
29.015882
29.693751
30.371620
31.049489
31.727357
32.405226
60.000000
60.000000
60.000000
60.000000
50.000000
50.000000
>>>>>>> 0b7d3a452a6bf1231fda0ceace1892f3abc8bffa
60.000000
60.000000
60.000000
60.000000
<<<<<<< HEAD
56.243245
50.000000
57.905209
60.000000
38.085666
30.000000
30.000000
30.000000
40.000000
30.000000
30.000000
40.000000
37.562989
30.000000
9.893467
-10.000000
-10.000000
-10.000000
-18.051495
-10.000000
-20.000000
-20.000000
-10.000000
-10.000000
-10.000000
-39.437135
-40.000000
-30.000000
-30.000000
-35.286106
-30.000000
-33.945562
-10.000000
-12.432353
-15.493448
-16.580788
-11.345051
-20.000000
-38.106560
-30.000000
-40.000000
-40.000000
-30.000000
-40.000000
-30.000000
-51.112194
-56.813683
-55.260629
-52.665285
-59.408989
-10.000000
-13.092319
-14.833482
-17.240755
-10.685084
-20.000000
-39.039893
-30.000000
-40.000000
-30.000000
-30.000000
-40.000000
-30.000000
-51.772160
-56.153716
-55.920596
-52.005319
-60.000000
-10.000000
-13.540154
-14.385648
-17.688589
-10.237250
-20.000000
-39.673227
-30.000000
-40.000000
-30.000000
-40.000000
-40.000000
-30.206427
-52.219995
-55.705882
-56.368430
-51.557484
-60.000000
-10.000000
-13.983274
-13.942527
-18.131709
-10.000000
-20.000000
-40.000000
-30.000000
-40.000000
-30.000000
-40.000000
-30.000000
-30.833093
-52.663115
-55.262762
-56.811550
-51.114364
=======
60.000000
60.000000
60.000000
60.000000
60.000000
48.017200
40.000000
40.000000
20.554535
21.091400
21.628264
22.165129
22.701993
23.238857
23.775722
24.312586
24.849451
25.386315
25.923179
26.460044
26.996908
27.533773
28.070637
28.607501
29.144366
29.681230
20.000000
10.000000
10.000000
10.000000
12.872921
20.000000
20.000000
20.000000
20.000000
20.000000
20.000000
20.000000
20.000000
20.000000
-18.418227
-20.000000
-20.000000
-18.063744
-60.000000
-60.000000
-60.000000
-60.000000
-60.000000
-60.000000
-60.000000
-60.000000
-60.000000
-60.000000
-60.000000
-60.000000
-60.000000
-60.000000
-60.000000
-60.000000
-60.000000
-60.000000
-51.441516
-51.539669
-51.655975
-51.682346
-51.681249
-51.704178
-51.412531
-51.120883
-50.829236
-50.537588
-50.245940
-49.954293
-49.662645
-49.370998
-49.079350
-48.787702
-48.496055
-48.204407
-32.785512
-32.600255
-32.439239
-32.336642
-32.234044
-32.104192
-31.918433
-31.732674
-31.704212
-31.775578
-31.846944
-31.915654
-31.898700
-31.897730
-31.964923
-31.946977
-31.966014
>>>>>>> 0b7d3a452a6bf1231fda0ceace1892f3abc8bffa
-60.000000
