-100.000000
-100.000000
-90.000000
-99.768110
-100.000000
-95.539712
-93.541620
-90.000000
-100.000000
-90.000000
-100.000000
-90.000000
-100.000000
-90.048645
-93.238982
-100.000000
-100.000000
-90.000000
-100.000000
-93.337853
-90.000000
-100.000000
-90.000000
-80.000000
-70.000000
-80.000000
-73.192198
-78.500540
-70.000000
-80.000000
-70.000000
-70.000000
-79.867186
-71.825527
-76.482471
-70.000000
-73.097757
-80.000000
-70.000000
-80.000000
-70.000000
-80.000000
-70.000000
-80.000000
-70.000000
-60.000000
-52.993343
-60.000000
-50.000000
-60.000000
-50.000000
-60.000000
-50.000000
-60.000000
-50.000000
-55.493637
-50.000000
-60.000000
-50.000000
-60.000000
-50.000000
-60.000000
-50.000000
-60.000000
-50.000000
-60.000000
-50.000000
-49.057592
-40.000000
-30.000000
-30.000000
-40.000000
-30.866938
-32.411011
-40.000000
-30.000000
-40.000000
-30.000000
-40.000000
-30.000000
-40.000000
-40.000000
-30.000000
-40.000000
-35.802498
-35.890001
-40.000000
-30.860119
-40.000000
-30.000000
-20.000000
-10.000000
-20.000000
-10.000000
-14.334543
-13.963754
-10.000000
-18.974786
-20.000000
-10.000000
-20.000000
-10.000000
-10.461226
-20.000000
-10.000000
-20.000000
-10.000000
-20.000000
-10.000000
-20.000000
-10.000000
0.000000
9.718004
7.004250
10.000000
0.000000
10.000000
0.000000
10.000000
0.000000
10.000000
1.880081
10.000000
0.000000
10.000000
0.000000
10.000000
0.140597
3.137197
5.170483
6.521882
0.000000
10.000000
20.000000
30.000000
20.000000
30.000000
20.000000
30.000000
20.000000
30.000000
20.000000
30.000000
20.000000
30.000000
20.000000
30.000000
20.000000
30.000000
20.000000
20.000000
20.000000
30.000000
20.000000
30.000000
40.000000
48.656925
40.000000
50.000000
40.000000
50.000000
40.000000
50.000000
40.000000
50.000000
42.941312
48.751248
40.000000
43.721369
40.000000
47.106061
41.201795
50.000000
46.231671
40.000000
42.846977
50.000000
53.009243
60.000000
70.000000
60.000000
70.000000
60.000000
70.000000
60.000000
67.317740
60.980795
70.000000
60.000000
64.285385
67.416685
69.296439
60.000000
70.000000
60.000000
70.000000
60.792353
70.000000
65.803410
60.000000
80.000000
80.877497
80.000000
90.000000
80.000000
90.000000
80.920027
80.000000
90.000000
80.000000
90.000000
80.000000
90.000000
80.000000
90.000000
80.000000
90.000000
80.000000
90.000000
80.000000
90.000000
100.000000
