-100.000000
-100.000000
-90.000000
-91.353539
-96.945119
-94.757047
-90.000000
-100.000000
-90.138122
-100.000000
-90.000000
-100.000000
-90.000000
-99.956496
-90.000000
-100.000000
-90.000000
-100.000000
-90.000000
-100.000000
-90.000000
-100.000000
-90.000000
-80.000000
-70.000000
-80.000000
-70.000000
-80.000000
-70.000000
-80.000000
-70.000000
-80.000000
-70.000000
-80.000000
-70.000000
-80.000000
-80.000000
-70.180371
-70.000000
-80.000000
-70.000000
-76.949781
-79.772764
-70.000000
-80.000000
-70.000000
-60.000000
-50.000000
-60.000000
-50.000000
-50.000000
-60.000000
-50.000000
-60.000000
-50.000000
-60.000000
-50.000000
-58.897166
-50.000000
-60.000000
-50.000000
-60.000000
-50.000000
-60.000000
-50.000000
-60.000000
-50.000000
-40.000000
-30.000000
-34.056203
-40.000000
-30.000000
-39.281509
-40.000000
-30.000000
-40.000000
-30.000000
-40.000000
-30.000000
-40.000000
-30.000000
-40.000000
-30.000000
-40.000000
-30.000000
-40.000000
-30.000000
-39.274689
-30.000000
-20.000000
-10.000000
-20.000000
-10.649779
-20.000000
-10.000000
-20.000000
-20.000000
-11.029996
-17.268303
-20.000000
-20.000000
-20.000000
-10.000000
-20.000000
-10.000000
-20.000000
-12.068719
-19.633126
-10.000000
-20.000000
-10.000000
0.000000
10.000000
0.000000
10.000000
0.000000
10.000000
0.000000
10.000000
0.000000
10.000000
1.880081
9.812285
6.909967
0.000000
10.000000
0.000000
8.555168
10.000000
0.000000
10.000000
0.000000
10.000000
20.000000
30.000000
20.000000
28.289561
20.008779
30.000000
20.000000
30.000000
20.000000
30.000000
20.000000
30.000000
20.000000
30.000000
20.000000
23.467082
20.000000
30.000000
20.000000
30.000000
20.000000
30.000000
40.000000
50.000000
40.000000
50.000000
40.000000
50.000000
41.296135
50.000000
40.000000
50.000000
40.000000
50.000000
40.000000
50.000000
40.000000
50.000000
40.000000
50.000000
40.000000
50.000000
40.000000
50.000000
50.000000
70.000000
60.000000
70.000000
61.070320
70.000000
60.000000
70.000000
60.000000
69.024208
60.000000
70.000000
60.000000
70.000000
60.000000
70.000000
60.000000
70.000000
60.000000
70.000000
60.000000
70.000000
80.000000
90.000000
80.713067
90.000000
80.000000
90.000000
80.000000
90.000000
80.000000
90.000000
80.000000
90.000000
80.618580
90.000000
80.000000
90.000000
80.000000
90.000000
80.000000
90.000000
80.000000
90.000000
100.000000
