60.000000
60.000000
50.000000
60.000000
50.000000
60.000000
50.000000
30.000000
40.000000
30.000000
40.000000
30.000000
40.000000
20.000000
10.000000
17.030980
10.000000
20.000000
10.000000
60.000000
50.000000
58.232835
50.000000
60.000000
50.000000
36.690453
30.000000
30.000000
33.283238
30.000000
40.000000
20.000000
15.538232
20.000000
10.000000
20.000000
20.000000
60.000000
50.000000
50.000000
50.000000
60.000000
53.959328
50.000000
36.657120
40.000000
30.000000
36.693248
30.000000
30.000000
30.000000
30.000000
18.207910
20.000000
10.000000
60.000000
50.000000
50.000000
50.000000
58.279975
50.000000
30.000000
32.151792
30.541457
30.000000
30.000000
33.330379
24.956933
10.000000
10.000000
10.000000
10.000000
10.000000
60.000000
60.000000
60.000000
50.000000
50.996775
60.000000
60.000000
60.000000
37.824657
39.482208
30.000000
30.000000
35.256933
10.000000
20.000000
20.000000
10.000000
20.000000
-5.687080
-10.000000
-10.000000
-20.000000
-20.000000
-10.000000
-20.000000
-30.000000
-30.000000
-30.000000
-30.000000
-30.000000
-50.000000
-50.000000
-60.000000
-60.000000
-60.000000
-60.000000
-10.561278
-20.000000
-20.000000
-10.000000
-15.216072
-10.000000
-10.000000
-10.000000
-30.000000
-30.000000
-40.000000
-39.733845
-40.709760
-50.000000
-50.000000
-50.000000
-50.000000
-60.000000
-11.610744
-12.772108
-19.268897
-20.000000
-16.457433
-20.000000
-40.000000
-30.000000
-34.721022
-30.000000
-40.000000
-30.000000
-38.343093
-60.000000
-50.000000
-60.000000
-52.922200
-60.000000
-10.000000
-17.997283
-10.000000
-20.000000
-10.000000
-19.175870
-40.000000
-30.000000
-40.000000
-30.000000
-40.000000
-37.471103
-35.976427
-60.000000
-50.000000
-60.000000
-54.595687
-50.000000
-10.000000
-16.323797
-10.000000
-20.000000
-10.000000
-17.502384
-40.000000
-30.000000
-40.000000
-31.319237
-40.000000
-30.000000
-50.000000
-59.859105
-50.000000
-60.000000
-50.000000
-60.000000
