0.000000
0.000000
0.000000
21.213203
30.000000
21.213203
0.000000
0.000000
0.000000
-12.778380
0.000000
0.000000
10.606602
15.000000
10.606602
0.000000
-10.606602
-15.000000
-10.606602
0.000000
0.000000
0.000000
21.213203
29.597621
21.213203
0.000000
0.000000
-18.567149
-30.000000
-4.675289
0.000000
10.606602
15.000000
15.000000
15.000000
15.000000
-4.281278
-15.000000
-15.000000
0.000000
0.000000
0.133624
21.213203
21.213203
21.213203
21.213203
9.949724
-27.005412
-7.509609
0.000000
0.000000
0.000000
10.606602
0.000000
0.000000
0.000000
-15.000000
0.000000
0.000000
0.000000
0.000000
0.225691
0.590965
0.789361
0.777846
0.766332
0.754818
0.743413
0.732139
0.754069
0.909057
1.064044
1.219031
1.264688
1.063616
0.862544
0.000000
