60.000000
60.000000
50.000000
60.000000
50.000000
60.000000
50.000000
48.755453
32.954358
34.971481
37.102793
30.823083
40.000000
21.155267
10.000000
20.000000
10.000000
20.000000
10.000000
60.000000
60.000000
50.000000
50.861247
50.000000
50.000000
50.000000
53.910055
60.000000
50.000000
35.670453
40.000000
30.000000
30.000000
40.000000
40.000000
40.000000
36.310232
58.059846
59.415584
60.000000
60.000000
60.000000
60.000000
60.000000
60.000000
60.000000
60.000000
60.000000
50.000000
60.000000
50.000000
50.000000
60.000000
60.000000
50.000000
21.509616
22.187485
22.865353
23.543222
24.221091
24.898960
25.576828
26.254697
26.932566
27.610435
28.288303
28.966172
29.644041
30.321909
30.999778
31.677647
32.355516
33.033384
60.000000
54.349378
50.000000
50.000000
51.389220
60.000000
60.000000
52.388373
50.000000
50.000000
30.000000
30.000000
30.000000
34.313182
33.594980
30.000000
30.000000
30.000000
20.000000
20.000000
20.000000
20.000000
20.000000
20.000000
20.000000
20.000000
20.000000
20.000000
20.000000
20.000000
20.000000
20.000000
20.000000
20.000000
20.000000
20.000000
20.486946
19.887158
19.141175
18.557585
17.973994
17.307111
16.508050
15.708989
14.909927
14.104520
12.936671
11.651858
10.597226
9.568002
8.538779
7.509556
6.480332
5.456047
-10.000000
-10.000000
-10.000000
-10.000000
-10.000000
-10.000000
-10.000000
-10.000000
-10.000000
-10.000000
-20.000000
-30.817480
-40.000000
-30.000000
-40.000000
-40.000000
-34.537789
-40.633093
-32.244294
-31.950387
-31.656481
-31.362575
-31.068668
-30.774762
-30.480855
-30.186949
-29.893042
-29.599136
-29.305230
-29.011323
-28.717417
-28.423510
-28.129604
-27.835697
-27.541791
-27.247885
-38.395411
-37.854920
-37.314429
-36.773937
-36.237197
-35.707540
-35.485976
-35.460275
-35.482113
-35.422553
-35.479802
-35.382637
-35.257610
-35.641982
-36.213576
-36.626073
-37.154979
-60.000000
