0
25.9434
50
60
50
60
50
30
40
30
40
30
40
20
10
20
10
20
10
60
50
60
50
60
50
30
40
30
40
30
40
20
10
20
10
20
10
60
50
60
50
60
50
30
40
30
40
40
20
10
10
20
10
52.7028
52.535
53.4996
53.2468
54.2692
53.9004
49.3952
48.2525
42.9486
42.2927
34.514
40
20
10
20
10
20
60
50
60
50
60
50
30
40
30
40
30
40
20
10
20
10
20
10
-10
-20
-10
-20
-10
-20
-40
-30
-30
-40
-30
-50
-60
-60
-50
-60
-10
-20
-10
-20
-10
-20
-40
-30
-40
-30
-40
-30
-50
-50
-60
-50
-60
-10
-20
-10
-20
-10
-20
-40
-30
-40
-30
-40
-30
-50
-60
-50
-60
-50
-60
-10
-20
-10
-20
-10
-20
-40
-30
-40
-30
-40
-30
-50
-60
-50
-60
-50
-60
-10
-20
-10
-20
-10
-20
-40
-30
-40
-30
-40
-30
-50
-60
-50
-60
-50
-60.000000
