-100.000000
-100.000000
-90.498623
-90.000000
-100.000000
-97.357598
-94.712264
-100.000000
-98.874732
-100.000000
-90.000000
-91.996905
-100.000000
-90.000000
-98.238264
-90.000000
-100.000000
-90.000000
-93.444003
-100.000000
-90.000000
-100.000000
-90.000000
-90.728629
-97.188269
-100.000000
-100.000000
-90.000000
-80.000000
-79.916820
-70.000000
-74.231945
-80.000000
-80.000000
-80.000000
-70.000000
-71.478996
-80.000000
-74.382427
-70.000000
-79.766313
-80.000000
-70.000000
-77.140081
-70.000000
-77.013357
-80.000000
-70.000000
-70.121445
-77.818845
-70.000000
-76.334578
-71.610421
-80.000000
-70.000000
-80.000000
-70.000000
-57.383379
-60.000000
-50.000000
-50.000000
-60.000000
-50.000000
-55.015183
-60.000000
-50.000000
-60.000000
-50.225691
-60.000000
-55.621500
-50.000000
-58.531827
-60.000000
-50.000000
-60.000000
-50.000000
-60.000000
-52.119018
-50.000000
-60.000000
-60.000000
-60.000000
-50.000000
-40.000000
-40.000000
-40.000000
-30.000000
-40.000000
-35.489068
-30.000000
-38.654759
-40.000000
-30.000000
-40.000000
-30.000000
-35.892338
-40.000000
-30.000000
-30.000000
-40.000000
-36.846681
-30.000000
-40.000000
-30.633562
-40.000000
-30.000000
-30.000000
-30.000000
-33.395972
-38.673649
-30.000000
-30.000000
-20.000000
-10.000000
-10.000000
-20.000000
-10.000000
-10.000000
-20.000000
-16.780396
-10.000000
-20.000000
-20.000000
-10.000000
-20.000000
-10.000000
-10.000000
-20.000000
-11.189544
-10.000000
-20.000000
-20.000000
-10.000000
-16.095236
-20.000000
-10.000000
-20.000000
-18.703740
-10.000000
-15.458838
-20.000000
-10.000000
-10.000000
0.655252
10.000000
0.000000
0.000000
10.000000
10.000000
0.000000
2.045896
5.879949
10.000000
8.254293
10.000000
10.000000
10.000000
0.000000
0.000000
10.000000
10.000000
0.000000
10.000000
7.247020
0.000000
6.896648
10.000000
0.000000
10.000000
10.000000
10.000000
20.000000
28.287206
30.000000
20.000000
30.000000
20.000000
30.000000
20.000000
20.000000
20.000000
30.000000
30.000000
20.000000
27.009691
30.000000
20.000000
30.000000
27.775189
20.000000
20.000000
30.000000
20.000000
20.000000
30.000000
26.342129
20.000000
27.796928
30.000000
20.000000
20.000000
30.000000
40.000000
50.000000
50.000000
40.000000
50.000000
50.000000
45.588287
40.000000
50.000000
40.000000
40.000000
50.000000
46.267083
40.000000
50.000000
50.000000
50.000000
49.029490
40.000000
70.000000
