60.000000
60.000000
50.000000
60.000000
50.000000
60.000000
50.000000
30.000000
40.000000
30.000000
40.000000
30.000000
40.000000
20.000000
10.000000
17.030980
10.000000
20.000000
10.000000
60.000000
50.000000
58.232835
50.000000
60.000000
50.000000
36.690453
40.000000
30.000000
33.283238
30.000000
40.000000
20.000000
15.538232
20.000000
10.000000
20.000000
14.359720
60.000000
55.137839
50.000000
60.000000
50.000000
60.000000
50.000000
40.565159
30.000000
40.000000
36.693248
40.000000
20.000000
10.000000
14.485395
10.000000
20.000000
10.000000
59.309469
60.000000
50.000000
50.000000
58.279975
50.000000
30.000000
32.151792
40.000000
40.000000
40.000000
40.000000
29.362908
10.000000
10.000000
10.000000
20.000000
10.000000
60.000000
60.000000
60.000000
60.000000
60.000000
51.696586
50.000000
30.000000
40.000000
40.000000
30.000000
30.000000
35.256933
10.000000
20.000000
20.000000
20.000000
20.000000
20.000000
20.000000
-14.053262
-10.000000
-10.000000
-10.000000
-29.743227
-30.000000
-40.000000
-39.238833
-38.067994
-40.000000
-40.000000
-42.743067
-50.753777
-60.000000
-60.000000
-53.118096
-10.000000
-10.000000
-20.000000
-10.000000
-14.783947
-20.000000
-40.000000
-40.000000
-36.394508
-30.000000
-40.000000
-39.733845
-30.000000
-50.000000
-60.000000
-58.555522
-58.751380
-50.000000
-10.000000
-19.670769
-10.000000
-20.000000
-16.457433
-20.000000
-40.000000
-30.000000
-34.721022
-40.000000
-40.000000
-30.000000
-38.343093
-60.000000
-50.000000
-60.000000
-52.922200
-60.000000
-10.000000
-17.997283
-10.000000
-20.000000
-10.000000
-10.000000
-32.113782
-30.000000
-40.000000
-30.000000
-40.000000
-30.000000
-35.976427
-50.000000
-60.000000
-50.000000
-54.595687
-60.000000
-10.000000
-16.323797
-10.000000
-20.000000
-10.000000
-17.502384
-40.000000
-30.000000
-40.000000
-31.319237
-40.000000
-30.000000
-50.000000
-59.859105
-50.000000
-60.000000
-50.000000
-60.000000
