-100.000000
-100.000000
-100.000000
-90.733642
-97.305744
-92.034686
-96.009422
-95.947310
-100.000000
-90.000000
-100.000000
-90.662794
-97.381342
-91.959118
-93.478160
-98.129764
-100.000000
-90.000000
-100.000000
-90.000000
-97.461684
-94.499820
-94.570359
-80.000000
-80.000000
-70.000000
-80.000000
-70.000000
-77.583297
-71.752411
-73.694176
-75.646237
-80.000000
-70.000000
-80.000000
-70.000000
-77.734021
-71.601655
-76.451772
-78.092917
-80.000000
-70.000000
-80.000000
-70.000000
-77.008604
-67.941483
-56.592516
-50.000000
-50.000000
-50.000000
-50.000000
-50.000000
-50.000000
-51.375929
-56.668001
-50.000000
-50.000000
-50.000000
-50.000000
-50.000000
-50.000000
-50.000000
-50.000000
-55.213050
-60.000000
-50.879244
-60.000000
-50.000000
-38.128943
-31.206563
-34.235132
-35.100369
-40.000000
-31.001289
-40.000000
-30.000000
-40.000000
-33.667313
-34.381235
-37.556404
-40.000000
-30.000000
-40.000000
-30.000000
-38.425865
-30.904898
-37.148352
-37.405570
-40.000000
-30.000000
-20.000000
-10.000000
-10.000000
-10.000000
-10.000000
-10.000000
-10.000000
-10.000000
-20.000000
-20.000000
-20.000000
-20.000000
-17.327233
-14.629168
-20.000000
-11.462962
-10.000000
-10.000000
-10.000000
-10.641040
-20.000000
-13.566815
0.000000
8.452283
0.000000
10.000000
1.178511
9.490908
5.067599
5.597106
0.000000
10.000000
0.000000
10.000000
0.000000
7.030174
2.305168
5.747954
0.000000
10.000000
0.000000
10.000000
1.240000
10.299970
24.775242
23.273252
20.000000
30.000000
20.000000
30.000000
30.000000
30.000000
30.000000
30.000000
30.000000
30.000000
20.000000
30.000000
20.000000
30.000000
30.000000
26.031002
25.925452
30.000000
20.000000
30.000000
40.000000
50.000000
41.908779
43.537677
45.802589
50.000000
40.000000
50.000000
40.480448
47.572862
44.374257
46.295344
45.651771
50.000000
40.000000
50.000000
40.324913
47.723667
44.223435
46.446150
47.779515
50.000000
60.000000
70.000000
60.000000
67.842046
61.502981
63.934123
68.022490
70.000000
60.000000
70.000000
60.000000
67.917557
61.427491
64.004924
67.946997
70.000000
60.000000
70.000000
60.050933
67.988370
61.912001
78.364855
85.254488
90.000000
80.000000
90.000000
80.000000
88.125815
81.209941
86.843554
87.710641
90.000000
80.000000
90.000000
80.000000
88.276510
81.059212
86.994254
87.559907
90.000000
81.148804
90.000000
80.000000
100.000000
