60.000000
60.000000
50.000000
60.000000
50.000000
60.000000
50.000000
<<<<<<< HEAD
48.633787
33.040389
34.885449
37.188825
30.737052
40.000000
21.033600
=======
48.755453
32.954358
34.971481
37.102793
30.823083
40.000000
21.155267
>>>>>>> 0b7d3a452a6bf1231fda0ceace1892f3abc8bffa
10.000000
20.000000
10.000000
20.000000
10.000000
60.000000
<<<<<<< HEAD
50.000000
60.000000
50.000000
50.000000
60.000000
47.393787
33.917202
34.008637
38.065637
30.000000
40.000000
20.000000
10.000000
20.000000
10.000000
20.000000
20.000000
60.000000
50.000000
60.000000
50.000000
60.000000
50.000000
50.000000
30.000000
38.981955
33.092319
34.833557
37.240679
26.826933
10.000000
20.000000
10.000000
20.000000
10.000000
60.000000
52.476761
59.597551
50.000000
60.000000
50.000000
30.000000
30.000000
40.000000
30.000000
40.000000
32.055229
34.160267
13.796392
18.277845
20.000000
20.000000
10.000000
=======
60.000000
50.000000
50.000000
50.000000
50.000000
60.000000
49.332070
30.000000
38.040813
40.000000
30.000000
30.000000
40.000000
30.000000
30.000000
40.000000
40.000000
60.000000
60.000000
60.000000
60.000000
60.000000
60.000000
60.000000
60.000000
60.000000
60.000000
50.000000
50.000000
50.000000
50.000000
50.000000
54.802188
60.000000
50.000000
18.368824
19.046693
19.724561
20.402430
21.080299
21.758168
22.436036
23.113905
23.791774
24.469643
25.147511
25.825380
26.503249
27.181118
27.858986
28.536855
29.214724
29.892593
60.000000
50.000000
50.000000
50.000000
50.000000
53.463400
>>>>>>> 0b7d3a452a6bf1231fda0ceace1892f3abc8bffa
60.000000
60.000000
50.000000
50.000000
50.000000
50.000000
50.000000
<<<<<<< HEAD
60.000000
60.000000
50.000000
30.000000
30.000000
40.000000
40.000000
33.375162
40.000000
32.320971
39.753265
-10.000000
-10.000000
-10.000000
-20.000000
-20.000000
-17.317342
-20.000000
-20.000000
-10.000000
-10.000000
-36.957940
-40.000000
-30.000000
-30.716441
-30.000000
-30.000000
-31.871382
-31.081215
-10.000000
-12.432353
-15.493448
-16.580788
-11.345051
-20.000000
-38.106560
-30.000000
-40.000000
-40.000000
-40.000000
-40.000000
-30.000000
-51.112194
-56.813683
-55.260629
-52.665285
-59.408989
-10.000000
-13.092319
-14.833482
-17.240755
-10.685084
-20.000000
-39.039893
-30.000000
-40.000000
-30.000000
-30.000000
-40.000000
-30.000000
-51.772160
-56.153716
-55.920596
-52.005319
-60.000000
-17.943225
-17.379450
-17.427282
-16.984062
-16.919209
-16.634101
-18.370171
-20.640174
-23.566820
-25.593448
-29.869254
-34.941596
-30.206427
-52.219995
-55.705882
-56.368430
-51.557484
-60.000000
-10.000000
-13.983274
-13.942527
-18.131709
-10.000000
-20.000000
-40.000000
-30.000000
-40.000000
-30.000000
-40.000000
-30.000000
-30.833093
-52.663115
-55.262762
-56.811550
-51.114364
=======
50.000000
50.000000
41.520932
30.000000
30.000000
20.000000
20.000000
20.000000
20.000000
20.000000
20.000000
20.000000
20.000000
20.000000
20.000000
20.000000
20.000000
20.000000
20.000000
20.000000
20.000000
20.000000
20.000000
23.370459
23.034159
22.292199
21.550239
20.808279
20.066318
19.324358
18.539391
17.532572
16.525752
15.518932
14.733927
13.996109
13.258291
12.298998
11.232278
10.076918
8.672503
-16.926474
-16.418339
-16.699747
-16.981154
-17.262562
-17.531865
-18.693746
-20.702161
-22.908492
-25.882337
-28.856181
-31.830025
-34.803870
-30.185041
-50.000000
-50.000000
-55.462079
-50.000000
-60.000000
-60.000000
-59.993026
-59.366781
-58.715134
-58.181087
-57.647040
-57.115585
-56.871038
-56.626491
-56.381099
-56.132859
-55.884619
-55.636379
-55.388139
-55.295930
-55.318933
-55.319222
-39.152892
-38.923696
-38.763748
-38.546904
-38.376133
-38.171902
-38.089092
-38.104886
-38.120680
-38.136516
-38.092857
-38.089632
-38.032633
-37.962010
-37.958269
-38.142612
-38.249205
>>>>>>> 0b7d3a452a6bf1231fda0ceace1892f3abc8bffa
-60.000000
