0.000000
0.000000
3.141076
5.251518
9.406662
11.299683
15.429171
17.306128
21.394579
23.248783
27.280958
29.105814
33.066664
34.855704
38.730431
42.544802
44.513745
48.175369
49.862902
53.438926
55.028372
58.466966
59.991201
63.279391
64.733187
67.858547
69.236952
72.187629
75.011108
76.437821
79.015503
80.206143
82.639352
83.679257
85.900106
86.844473
88.844452
89.690226
91.461643
92.206114
93.742160
95.105652
95.762517
96.858315
97.329623
98.213036
98.538832
99.169716
99.385759
99.761671
99.867334
99.986828
99.981826
99.844445
99.556198
99.307663
98.768837
98.416583
97.600963
97.255813
96.344769
95.909090
94.630532
94.018333
92.488215
91.775459
90.014610
89.100655
87.209879
85.097182
83.946429
81.598104
80.497107
77.941863
76.751355
73.998973
72.722912
69.783877
68.426528
65.312022
63.742397
60.599798
57.227025
55.426825
51.904784
50.276205
46.624734
44.940329
41.173149
39.438780
35.570023
33.791761
29.835916
27.899111
23.991865
19.926922
17.771977
13.657287
11.769518
7.622984
5.723573
1.560635
-0.343640
-4.507489
-6.409825
-10.559087
-12.533323
-16.571917
-20.664677
-22.809823
-26.845192
-28.674263
-32.639084
-34.433252
-38.312714
-40.065646
-43.845223
-45.550756
-49.216277
-50.904140
-54.406143
-57.858016
-59.629596
-62.925710
-64.389228
-67.523148
-68.912008
-71.871848
-73.181354
-75.955864
-77.181619
-79.760235
-80.901703
-83.271024
-84.432793
-86.475382
-88.496142
-89.490808
-91.274032
-92.032604
-93.580794
-94.236061
-95.543241
-96.093118
-97.154234
-97.596984
-98.407927
-98.768837
-99.299780
-99.699334
-99.845959
-99.978545
-99.988954
-99.856911
-99.764435
-99.383756
-99.057950
-98.399035
-98.228722
-97.515300
-96.858315
-95.996975
-94.729924
-94.034115
-92.501266
-91.775459
-90.029931
-89.100655
-87.243175
-86.074203
-84.104054
-82.708061
-80.688357
-79.015503
-76.959114
-74.215973
-72.753922
-69.815789
-68.454712
-65.345812
-63.742397
-60.635331
-58.778526
-55.701603
-53.582680
-50.562708
-48.175369
-45.237492
-41.475727
-39.479866
-35.611575
-33.833824
-29.878371
-27.899111
-24.035057
-21.814323
-18.103082
-15.643447
-12.104228
-9.410831
-6.060526
-3.141076
0.005820
4.169822
6.365525
10.514905
12.533323
16.528117
18.738131
22.480630
24.868988
28.350564
30.901699
34.116338
36.812454
39.756764
43.541357
45.511439
49.177571
50.904140
54.368880
56.208340
59.360082
61.290707
64.132848
66.131187
68.669663
70.710678
72.953875
75.737340
77.153744
79.733371
80.901703
83.246440
84.432793
86.453177
87.630669
89.341856
90.482704
91.901909
92.977646
94.123992
95.442517
96.081333
97.143696
97.591675
98.400135
98.768837
99.294764
99.556198
99.824345
99.950653
99.986978
99.950653
99.782096
99.413327
99.179513
98.768837
98.766575
97.934318
97.071877
95.995188
95.105652
94.117292
92.977646
91.900860
90.482704
89.363350
88.055377
87.284958
85.151237
82.904764
81.658636
79.188763
78.782841
77.010996
75.011108
73.168843
70.267234
68.454712
65.600017
62.404230
60.692606
57.312612
53.857129
52.000197
48.396840
45.399052
42.738285
39.776943
36.812454
34.140132
30.901699
28.377412
24.868988
22.509936
18.432892
15.643447
13.762197
9.626007
7.727666
3.569485
2.886309
0.000000
-3.141076
-5.718967
-9.868420
-14.005127
-16.468817
-20.559606
-24.622681
-26.739516
-30.736785
-31.383585
-34.060195
-36.812454
-39.420821
-43.220868
-45.399052
-48.858782
-52.462050
-54.316912
-57.762803
-61.130688
-62.830565
-66.037061
-66.536625
-68.625057
-70.943205
-72.912338
-75.088955
-77.051323
-79.015503
-80.901703
-82.708061
-83.920517
-86.125697
-87.630669
-89.100655
-89.861718
-91.574264
-93.107866
-94.106338
-95.105652
-95.873138
-96.984386
-97.591675
-98.315386
-99.001833
-99.292000
-99.679806
-99.933850
-99.967591
-99.951615
-99.931852
-99.684900
-99.536086
-99.033321
-98.768837
-98.017809
-97.591675
-96.858315
-96.029366
-95.105652
-93.835343
-92.878324
-91.459943
-90.482704
-88.952082
-86.969453
-84.837681
-84.432793
-82.788505
-80.359503
-79.015503
-77.051323
-75.386204
-72.567072
-70.710678
-68.057161
-66.131187
-63.489359
-60.204402
-58.456529
-56.208340
-53.669812
-50.096551
-48.175369
-45.399052
-43.056607
-39.251722
-36.812454
-33.329356
-30.901699
-27.549549
-23.518839
-21.383108
-18.738131
-15.706416
-11.577804
-9.395024
-6.279052
-3.630457
0.000000
0.000000
3.755624
6.279052
9.410831
11.408946
15.539010
18.738131
21.793073
23.353392
27.388602
30.901699
33.451285
36.812454
36.812454
40.291937
44.054009
47.779789
50.904140
53.774999
56.208340
58.791548
62.107393
63.815611
66.131187
68.156177
71.141118
72.896866
75.464061
78.135257
79.480759
80.901703
82.854626
85.113802
86.245521
87.630669
89.027293
90.482704
91.625737
93.206284
94.088074
95.318993
96.029366
96.975757
97.903630
98.330741
98.768837
99.214831
99.621913
99.867920
99.950653
99.980193
99.950653
99.802673
99.482495
99.000271
98.693148
97.907928
96.996552
96.442125
95.258876
95.105652
94.618047
93.168639
91.567489
90.078800
89.100655
87.414408
85.301078
83.052825
81.653696
79.183823
78.777615
77.005568
75.011108
73.163101
70.261274
68.454712
65.593732
62.397750
60.685930
57.305841
53.850186
51.986761
48.388448
46.711699
42.989088
42.379392
39.714790
36.806998
33.873791
30.901699
28.665461
24.652007
21.814323
18.438709
14.332075
12.157388
8.010402
3.854114
1.657536
-2.507796
-4.410881
-8.567103
-9.410831
-12.533323
-15.643447
-17.771995
-21.856599
-25.573670
-29.574233
-33.521215
-36.812454
-39.714500
-42.577930
-45.207763
-48.175369
-49.130974
-52.719238
-54.323887
-57.764568
-61.136576
-61.891879
-64.091836
-66.131187
-68.399976
-71.393294
-72.917962
-75.686500
-78.362968
-79.699127
-82.144724
-82.708061
-84.432793
-86.074203
-87.081429
-89.031519
-90.865788
-91.882585
-93.425530
-94.850522
-95.510828
-96.663460
-96.858315
-97.591675
-98.228722
-98.621156
-99.162442
-99.602388
-99.880348
-100.000000
-99.956561
-99.737400
-99.556198
-99.101358
-98.768837
-98.115427
-97.591675
-96.858315
-96.858315
-95.945575
-94.646143
-93.279193
-91.675999
-90.482704
-88.612829
-87.630669
-85.641775
-84.432793
-82.371745
-80.901703
-78.783196
-77.051323
-74.904622
-72.063981
-70.550757
-67.521011
-66.122949
-62.923668
-61.290707
-58.094725
-56.208340
-53.051875
-50.904140
-47.813606
-45.399052
-42.399118
-39.714790
-36.828270
-32.917331
-30.845141
-26.850655
-24.868988
-20.958502
-18.738131
-14.989015
-12.533323
-8.964112
-6.279052
-2.905925
0.000000
3.163288
7.322100
9.513552
13.649442
15.643447
19.633761
21.814323
25.545939
27.899111
31.364239
33.873791
37.067274
39.714790
42.634085
46.362153
48.300007
51.902165
53.582680
56.991565
58.778526
61.871195
63.742397
66.523144
68.454712
70.930337
72.896866
75.076608
77.760922
79.123506
81.598600
82.708061
84.953593
86.074203
87.995990
89.100655
90.714661
91.775459
93.099676
94.088074
95.142326
96.335080
96.907985
97.842246
98.228722
98.910630
99.366124
99.747168
99.859107
99.983627
99.984502
99.880255
99.802673
99.428736
99.211472
98.626713
97.842667
97.391037
96.345849
95.838921
94.546165
93.933999
92.398724
91.683239
89.911438
89.094880
87.093443
86.074203
83.965830
81.620879
80.354038
77.793393
76.596656
73.839153
72.557201
69.613345
68.250467
65.131458
63.692247
60.409920
58.778526
55.466028
51.946358
50.069671
46.414933
44.726865
40.956801
39.219228
35.347980
33.566982
29.609048
27.790893
23.761061
21.814323
17.825487
13.711635
11.533484
7.386315
5.486381
1.323231
-0.581064
-4.744700
-6.646554
-10.795180
-12.687800
-16.805970
-18.738131
-22.754974
-26.791247
-28.901326
-32.864057
-34.655527
-38.532497
-40.282260
-44.058954
-45.760859
-49.423112
-51.071212
-54.605267
-56.208340
-59.586381
-61.290707
-64.348160
-67.484658
-69.082978
-72.037997
-73.341639
-76.111027
-77.330578
-79.903791
-81.035200
-83.402397
-84.441923
-86.594043
-87.630669
-89.467064
-91.253734
-92.123897
-93.665697
-94.313353
-95.613990
-96.156094
-97.210543
-97.645388
-98.449567
-98.775791
-99.311201
-99.638932
-99.899010
-100.000000
-99.965926
-99.802673
-99.649079
-99.226146
-98.965465
-98.287836
-97.917613
-96.987937
-96.509391
-95.331276
-94.745969
-93.323978
-91.775459
-90.860661
-89.100655
-88.159784
-86.118129
-85.134543
-82.873538
-81.796043
-79.324361
-78.156518
-75.483629
-74.229322
-71.365430
-68.454712
-66.775059
-63.742397
-62.135981
-58.818720
-57.268315
-53.803082
-52.189916
-48.589790
-46.919431
-43.197953
-41.476199
-37.647344
-35.880204
-31.958322
-27.986369
-25.870811
-21.826898
-19.963200
-15.865909
-13.982183
-9.846784
-7.949733
-3.791628
0.000000
