0
25.9434
50
60
50
60
50
30
40
30
40
30
40
20
10
20
10
20
10
60
50
60
50
60
50
30
40
30
40
30
40
20
10
20
10
20
10
60
50
60
50
60
50
30
30
40
30
40
20
10
20
10
20
10
55.0198
53.2129
54.8658
54.126
45.5782
40.4145
40
30
40
20
10
20
10
20
10
60
50
60
50
60
50
30
40
30
40
30
20
10
20
10
-10
-10
-20
-10
-20
-10
-20
-40
-40
-30
-40
-30
-50
-60
-50
-60
-60
-10
-20
-10
-20
-10
-20
-40
-30
-40
-30
-40
-30
-50
-60
-50
-50
-60
-10
-10
-20
-10
-20
-40
-30
-40
-30
-30
-50
-60
-50
-60
-50
-60
-10
-20
-10
-20
-10
-20
-40
-30
-40
-30
-40
-50
-60
-50
-50
-60
-10
-20
-10
-20
-10
-20
-40
-30
-40
-30
-40
-30
-50
-60
-50
-60
-50
-60.000000
