60.000000
60.000000
50.000000
60.000000
50.000000
60.000000
50.000000
<<<<<<< HEAD
48.633787
33.040389
34.885449
37.188825
30.737052
40.000000
21.033600
=======
48.755453
32.954358
34.971481
37.102793
30.823083
40.000000
21.155267
>>>>>>> 0b7d3a452a6bf1231fda0ceace1892f3abc8bffa
10.000000
20.000000
10.000000
20.000000
10.000000
60.000000
<<<<<<< HEAD
50.000000
60.000000
50.000000
50.000000
60.000000
47.393787
33.917202
34.008637
38.065637
30.000000
40.000000
20.000000
10.000000
20.000000
10.000000
20.000000
20.000000
60.000000
50.000000
60.000000
50.000000
60.000000
50.000000
50.000000
30.000000
38.981955
33.092319
34.833557
37.240679
26.826933
10.000000
20.000000
10.000000
20.000000
10.000000
60.000000
52.476761
59.597551
50.000000
60.000000
50.000000
30.000000
30.000000
40.000000
30.000000
40.000000
32.055229
34.160267
13.796392
18.277845
10.000000
20.000000
10.000000
60.000000
60.000000
50.000000
51.682669
60.000000
54.169065
50.000000
50.000000
50.000000
40.000000
40.000000
40.000000
30.000000
40.000000
40.000000
34.720420
30.000000
29.152024
-10.000000
-10.000000
-10.000000
-16.359153
-20.000000
-10.000000
-20.000000
-10.000000
-20.000000
-20.000000
-40.000000
-40.000000
-30.000000
-39.509890
-32.965040
-40.000000
-40.000000
-36.054533
-10.000000
-12.432353
-15.493448
-16.580788
-11.345051
-20.000000
-38.106560
-30.000000
-40.000000
-40.000000
-30.000000
-40.000000
-30.000000
-51.112194
-56.813683
-55.260629
-52.665285
-59.408989
-10.000000
-13.092319
-14.833482
-17.240755
-10.685084
-20.000000
-39.039893
-30.000000
-40.000000
-30.000000
-30.000000
-40.000000
-30.000000
-51.772160
-56.153716
-55.920596
-52.005319
-60.000000
-10.000000
-13.540154
-14.385648
-17.688589
-10.237250
-20.000000
-39.673227
-30.000000
-40.000000
-30.000000
-40.000000
-40.000000
-30.206427
-52.219995
-55.705882
-56.368430
-51.557484
-60.000000
-10.000000
-13.983274
-13.942527
-18.131709
-10.000000
-20.000000
-40.000000
-30.000000
-40.000000
-30.000000
-40.000000
-30.000000
-30.833093
-52.663115
-55.262762
-56.811550
-51.114364
=======
60.000000
50.000000
50.861247
60.000000
50.000000
50.000000
50.000000
50.000000
38.620453
30.000000
30.000000
30.000000
40.000000
40.000000
30.000000
30.000000
40.000000
59.316163
60.000000
60.000000
60.000000
60.000000
60.000000
60.000000
60.000000
60.000000
60.000000
50.000000
50.000000
60.000000
60.000000
50.000000
50.000000
60.000000
60.000000
20.253299
20.931168
21.609037
22.286905
22.964774
23.642643
24.320512
24.998380
25.676249
26.354118
27.031987
27.709855
28.387724
29.065593
29.743461
30.421330
31.099199
31.777068
60.000000
60.000000
60.000000
60.000000
60.000000
60.000000
60.000000
60.000000
60.000000
60.000000
50.000000
30.000000
30.000000
30.000000
30.000000
30.000000
34.719624
40.000000
10.000000
10.000000
10.000000
10.000000
10.000000
10.000000
10.000000
10.000000
10.000000
10.000000
10.000000
10.000000
10.000000
10.000000
10.000000
10.000000
10.000000
10.000000
32.576192
31.704440
30.285285
28.746603
27.207922
25.146793
21.866001
18.585208
15.304415
12.023622
8.742829
5.462036
2.181243
-3.909915
-6.739599
-9.416924
-10.000000
-10.000000
-60.000000
-60.000000
-60.000000
-60.000000
-60.000000
-60.000000
-60.000000
-60.000000
-60.000000
-60.000000
-60.000000
-60.000000
-60.000000
-60.000000
-60.000000
-60.000000
-60.000000
-60.000000
-42.818975
-42.905301
-43.060840
-43.268845
-43.387383
-43.470368
-43.592429
-43.802955
-44.013480
-44.154135
-44.231888
-44.309641
-44.489189
-44.703319
-44.512472
-44.273114
-44.033756
-43.794399
-33.175763
-33.001754
-32.827746
-32.653737
-32.479728
-32.305720
-32.131711
-31.995419
-31.901290
-31.885551
-31.870489
-31.855427
-31.840365
-31.900559
-31.947135
-31.930798
-31.950110
>>>>>>> 0b7d3a452a6bf1231fda0ceace1892f3abc8bffa
-60.000000
