-100.000000
-100.000000
-90.498623
-100.000000
-90.000000
-90.000000
-100.000000
-90.000000
-98.879446
-90.000000
-90.000000
-100.000000
-90.000000
-100.000000
-100.000000
-90.000000
-100.000000
-91.379210
-90.000000
-95.536955
-100.000000
-90.000000
-100.000000
-90.000000
-77.182674
-74.891912
-80.000000
-80.000000
-80.000000
-70.000000
-80.000000
-70.000000
-80.000000
-70.000000
-80.000000
-80.000000
-70.000000
-80.000000
-74.405905
-70.000000
-79.738097
-80.000000
-80.000000
-70.000000
-75.094074
-70.148604
-70.000000
-50.000000
-50.093741
-60.000000
-55.762858
-60.000000
-51.600371
-60.000000
-60.000000
-50.000000
-60.000000
-60.000000
-50.000000
-59.842343
-60.000000
-50.000000
-50.000000
-60.000000
-60.000000
-50.000000
-60.000000
-59.751039
-50.000000
-60.000000
-50.000000
-50.000000
-60.000000
-60.000000
-50.000000
-36.233897
-40.000000
-32.109098
-30.000000
-40.000000
-38.986881
-30.000000
-40.000000
-30.000000
-30.000000
-40.000000
-30.325055
-40.000000
-35.526748
-36.538171
-40.000000
-30.000000
-40.000000
-38.279736
-30.000000
-40.000000
-32.080753
-30.000000
-40.000000
-38.540485
-30.000000
-20.000000
-20.000000
-10.000000
-10.000000
-20.000000
-10.000000
-20.000000
-13.386284
-10.000000
-20.000000
-20.000000
-10.000000
-13.893778
-20.000000
-11.957931
-10.000000
-20.000000
-18.826297
-13.247953
-20.000000
-20.000000
-10.510725
-20.000000
-10.000000
-20.000000
-20.000000
-10.000000
-18.852951
-20.000000
-10.000000
-7.206704
10.000000
6.114117
0.000000
10.000000
10.000000
0.000000
6.648338
5.421152
10.000000
0.000000
10.000000
0.584542
10.000000
0.000000
10.000000
1.132903
10.000000
0.000000
12.793303
20.000000
30.000000
28.207065
30.000000
30.000000
30.000000
28.473764
20.000000
30.000000
20.000000
30.000000
20.000000
22.781190
30.000000
26.943690
20.977541
20.000000
30.000000
20.000000
24.228396
30.000000
20.000000
20.000000
30.000000
40.000000
43.577541
50.000000
40.000000
40.000000
50.000000
40.000000
42.894023
45.032016
40.000000
50.000000
50.000000
50.000000
50.000000
45.720230
40.000000
50.000000
40.000000
40.000000
40.000000
50.000000
40.000000
40.000000
50.000000
50.000000
40.000000
50.000000
57.052576
67.060869
70.000000
60.000000
60.000000
70.000000
60.000000
60.000000
60.000000
70.000000
60.000000
70.000000
60.000000
65.802125
62.119306
69.959895
60.000000
68.987720
70.000000
100.000000
