0.000000
0.000000
0.000000
0.000000
30.000000
21.213203
0.000000
0.000000
0.000000
-12.650831
0.000000
0.000000
0.000000
0.000000
10.606602
0.000000
-10.606602
-10.606602
-10.606602
0.000000
0.000000
0.000000
21.213203
28.462477
30.000000
30.000000
4.368601
-28.382676
-22.811956
-21.213203
-21.213203
4.954569
15.000000
15.000000
15.000000
-10.606602
-15.000000
-10.606602
-10.606602
-10.111352
-9.970318
-9.683119
-9.240351
-8.792535
-8.567720
-8.599985
-8.847086
-9.176326
-9.163604
-9.017607
-8.784895
-8.435613
-8.040066
-7.829065
-7.735367
-7.796187
-7.896010
-7.945735
-1.321695
-1.259486
-1.197276
-1.135067
-1.072857
-1.010647
-0.948438
-0.886228
-0.824018
-0.761809
0.758599
2.493797
4.228994
5.964191
7.699389
9.434586
5.536870
-1.123579
0.000000
