-100.000000
-100.000000
-94.147294
-100.000000
-98.894377
-96.602596
-90.000000
-91.860233
-92.648351
-90.000000
-97.390724
-98.101557
-100.000000
-93.354476
-91.149422
-90.000000
-98.508096
-99.591077
-100.000000
-94.858133
-90.000000
-90.115758
-92.070359
-80.000000
-79.143717
-76.339124
-70.000000
-70.000000
-72.944676
-70.000000
-80.000000
-77.776985
-80.000000
-73.020538
-71.497369
-70.000000
-78.874820
-79.219552
-80.000000
-74.463102
-70.064214
-70.000000
-74.815945
-80.000000
-79.401937
-61.641483
-50.000000
-51.163829
-53.344553
-50.000000
-58.086898
-57.405204
-60.000000
-52.662864
-51.845533
-50.000000
-59.204174
-50.000000
-50.000000
-50.000000
-50.000000
-50.000000
-55.088867
-60.000000
-59.831216
-55.660921
-50.000000
-48.707592
-33.598745
-39.267580
-38.359922
-34.506399
-40.000000
-32.361513
-32.156221
-30.000000
-36.917399
-38.565206
-40.000000
-33.799310
-30.713701
-30.000000
-35.479593
-39.998288
-40.000000
-35.246534
-30.000000
-30.000000
-31.567151
-20.000000
-18.783862
-16.708065
-20.000000
-10.000000
-10.000000
-10.000000
-19.901096
-10.000000
-10.000000
-10.000000
-10.000000
-10.000000
-15.785740
-19.696767
-20.000000
-14.963865
-12.160643
-10.221535
-14.286680
-20.000000
-18.626815
-0.866704
10.000000
8.298256
7.184205
10.000000
2.423019
2.094571
0.000000
6.855756
8.626703
10.000000
3.865517
0.652072
0.000000
5.417971
10.000000
10.000000
5.308015
0.000000
0.000000
6.587053
10.000000
10.000000
26.755141
30.000000
22.017524
22.490724
20.000000
30.000000
30.000000
30.000000
23.516585
20.991670
20.000000
25.734003
29.748549
30.000000
20.000000
20.000000
20.273314
24.234951
30.000000
28.977285
29.213185
40.000000
41.762634
42.755160
40.000000
47.516331
45.350040
50.000000
43.205158
41.312622
40.000000
46.073795
49.408857
50.000000
44.647679
40.000000
40.000000
47.247558
50.000000
49.392439
46.090197
41.043854
40.000000
59.632576
60.000000
67.931593
67.560543
70.000000
62.818199
61.690237
60.000000
66.432588
66.443269
70.000000
64.317218
62.807532
60.000000
67.549886
70.000000
69.675945
65.816230
60.000000
61.073881
63.434602
70.000000
72.571521
87.305097
90.000000
82.543948
84.590324
80.000000
89.351467
88.742985
90.000000
83.981831
83.147703
80.000000
85.292555
90.000000
90.000000
85.429132
80.000000
80.667973
86.466247
90.000000
88.611105
89.718063
100.000000
