0
25.9434
50
60
50
60
50
30
40
30
40
30
40
20
10
20
10
20
10
60
50
60
50
60
50
30
40
30
40
30
40
20
10
20
20
10
60
50
60
50
50
40
30
40
30
40
20
10
20
10
20
10
55.0198
54.568
55.6048
53.3418
53.1033
44.9091
43.3926
30
40
30
40
20
20
10
20
10
60
50
60
50
60
50
30
40
30
30
40
20
10
10
20
10
-10
-10
-10
-20
-40
-30
-40
-30
-40
-50
-60
-50
-60
-50
-10
-20
-10
-20
-10
-20
-40
-30
-40
-30
-40
-30
-55.9435
-50
-60
-50
-60
-10
-20
-10
-20
-10
-20
-40
-30
-40
-30
-40
-30
-50
-60
-50
-60
-50
-60
-10
-20
-10
-20
-10
-20
-40
-30
-40
-30
-30
-50
-60
-50
-60
-50
-60
-10
-20
-10
-20
-10
-20
-40
-30
-40
-30
-40
-30
-50
-60
-50
-60
-50
-60.000000
