60.000000
60.000000
50.000000
60.000000
50.000000
60.000000
50.000000
48.755453
32.954358
34.971481
37.102793
30.823083
40.000000
21.155267
10.000000
20.000000
10.000000
20.000000
10.000000
60.000000
60.000000
50.000000
50.861247
50.000000
50.000000
50.000000
53.910055
60.000000
50.000000
35.670453
40.000000
30.000000
30.000000
40.000000
40.000000
40.000000
36.310232
58.688005
60.000000
60.000000
60.000000
60.000000
60.000000
60.000000
60.000000
60.000000
60.000000
50.000000
50.000000
60.000000
50.000000
50.000000
60.000000
60.000000
50.000000
16.484208
17.162076
17.839945
18.517814
19.195683
19.873551
20.551420
21.229289
21.907158
22.585026
23.262895
23.940764
24.618633
25.296501
25.974370
26.652239
27.330108
28.007976
60.000000
60.000000
60.000000
60.000000
60.000000
60.000000
60.000000
60.000000
60.000000
60.000000
41.439517
30.000000
30.000000
30.000000
36.403861
40.000000
40.000000
39.041387
20.000000
20.000000
20.136698
20.677189
21.217680
21.758171
22.298663
22.839154
23.379645
23.920136
24.460627
25.001119
25.541610
26.082101
26.622592
27.163083
27.703574
28.244066
30.000000
30.000000
30.000000
30.000000
30.000000
26.743868
20.000000
10.000000
10.000000
10.000000
10.000000
10.000000
10.000000
10.000000
10.000000
10.000000
-20.000000
-20.000000
-29.561646
-30.509680
-32.170751
-33.823898
-35.434401
-37.028763
-38.585820
-40.142877
-41.699934
-43.256991
-44.814048
-46.371105
-47.928162
-49.485219
-51.042276
-52.599333
-54.156390
-55.713447
-54.288474
-54.212770
-54.139088
-54.244883
-54.350679
-54.456474
-54.422785
-54.069251
-53.715716
-53.362182
-53.008647
-52.655112
-52.301578
-51.948043
-51.594508
-51.240974
-50.887439
-50.533904
-36.792283
-36.541072
-36.300739
-36.145348
-35.947055
-35.728259
-35.574665
-35.373649
-35.121558
-34.869467
-34.617376
-34.622838
-34.590428
-34.639122
-34.688436
-34.638104
-34.611534
-60.000000
