60.000000
60.000000
50.000000
60.000000
50.000000
60.000000
50.000000
48.755453
32.954358
34.971481
37.102793
30.823083
40.000000
21.155267
10.000000
20.000000
10.000000
20.000000
10.000000
60.000000
60.000000
50.000000
50.861247
50.000000
50.000000
50.000000
50.000000
55.984235
51.941717
50.000000
30.000000
40.000000
30.000000
40.000000
30.000000
31.609752
40.000000
59.316163
60.000000
60.000000
60.000000
60.000000
60.000000
60.000000
60.000000
60.000000
60.000000
60.000000
60.000000
60.000000
60.000000
50.000000
60.000000
51.055439
50.000000
18.996982
19.674851
20.352720
21.030589
21.708457
22.386326
23.064195
23.742064
24.419932
25.097801
25.775670
26.453539
27.131407
27.809276
28.487145
29.165013
29.842882
30.520751
60.000000
60.000000
52.275235
50.000000
50.000000
60.000000
60.000000
60.000000
60.000000
60.000000
60.000000
60.000000
60.000000
60.000000
51.430733
38.479295
40.000000
40.000000
13.011078
14.932477
10.000000
10.000000
10.000000
10.000000
10.000000
10.000000
10.000000
10.000000
10.000000
10.000000
10.000000
10.000000
10.000000
10.000000
10.000000
10.000000
31.656549
31.011720
30.319507
29.175349
28.586318
27.788554
26.502587
25.216620
23.930653
22.644686
19.762001
15.159166
11.341503
7.988520
4.358822
-7.414298
-18.155715
-24.210680
-25.885111
-26.353623
-26.891259
-28.382813
-28.639992
-28.897171
-29.154350
-33.490638
-39.322473
-45.154307
-56.246848
-50.000000
-50.000000
-50.000000
-50.000000
-49.935258
-49.394767
-48.854276
-34.454341
-34.071622
-33.688904
-33.306186
-32.923468
-32.540749
-32.158031
-31.775313
-31.392595
-31.009876
-30.627158
-30.244440
-29.861722
-29.479003
-29.096285
-28.713567
-28.526191
-28.556963
-19.823886
-19.605609
-19.561669
-19.381680
-19.301587
-19.162717
-19.474342
-19.906996
-20.415282
-20.806456
-21.375724
-21.718179
-22.025337
-23.097448
-24.442736
-25.540444
-26.806038
-60.000000
