0.000000
0.000000
0.000000
21.213203
30.000000
21.213203
0.000000
0.000000
-24.158197
-21.213203
0.000000
0.000000
10.606602
15.000000
10.606602
0.000000
-10.606602
-15.000000
-10.606602
0.000000
0.000000
0.000000
21.213203
21.213203
21.213203
7.746758
-21.213203
-21.213203
-21.213203
-21.213203
0.000000
10.606602
15.000000
10.606602
10.606602
10.606602
-15.000000
-10.606602
0.000000
0.000000
0.000000
13.213154
21.213203
21.213203
1.679386
-15.394819
-21.213203
-21.213203
-9.037013
0.000000
10.606602
15.000000
15.000000
0.000000
-10.606602
-10.606602
-10.606602
0.000000
0.000000
0.000000
0.000000
0.222352
0.582049
0.777390
0.703420
0.385272
0.067124
-0.115287
-0.113567
-0.079131
0.086073
0.252020
0.346359
0.340685
0.335011
0.329337
0.000000
