-100.000000
-100.000000
-90.498623
-100.000000
-90.000000
-100.000000
-95.278745
-100.000000
-100.000000
-90.000000
-100.000000
-90.000000
-100.000000
-90.000000
-100.000000
-100.000000
-90.000000
-91.374496
-90.000000
-100.000000
-100.000000
-90.000000
-100.000000
-80.000000
-77.182674
-80.000000
-80.000000
-80.000000
-80.000000
-70.000000
-80.000000
-70.000000
-80.000000
-71.652963
-70.000000
-80.000000
-78.549580
-70.000000
-80.000000
-72.331725
-70.000000
-80.000000
-70.000000
-72.836756
-75.084672
-70.000000
-79.059317
-80.000000
-79.881937
-70.000000
-64.652652
-56.316280
-50.000000
-60.000000
-50.000000
-50.000000
-50.000000
-55.675139
-60.000000
-59.842343
-60.000000
-50.000000
-60.000000
-54.952123
-50.000000
-60.000000
-50.000000
-60.000000
-50.000000
-54.411713
-60.000000
-60.000000
-50.000000
-40.000000
-30.000000
-33.761575
-34.169136
-37.900512
-30.030195
-40.000000
-30.000000
-33.073339
-34.857361
-37.212275
-40.000000
-30.000000
-40.000000
-40.000000
-30.000000
-36.533461
-30.000000
-30.000000
-30.000000
-31.696858
-40.000000
-30.000000
-40.000000
-20.000000
-20.000000
-10.000000
-16.884103
-10.000000
-20.000000
-10.000000
-20.000000
-20.000000
-10.000000
-14.553745
-13.376859
-10.000000
-20.000000
-20.000000
-11.833740
-20.000000
-20.000000
-10.000000
-10.000000
-20.000000
-10.000000
-13.271522
-20.000000
-10.000000
-20.000000
-10.000000
0.556257
7.379017
4.690475
0.000000
10.000000
0.000000
10.000000
0.000000
0.000000
10.000000
2.427629
10.000000
10.000000
1.230366
10.000000
0.000000
2.556544
10.000000
20.000000
30.000000
20.000000
24.718672
23.207259
20.000000
30.000000
20.000000
20.000000
20.000000
30.000000
20.000000
30.000000
30.000000
30.000000
30.000000
20.000000
20.000000
30.000000
20.000000
20.730577
30.000000
24.888362
30.000000
30.000000
30.000000
40.000000
42.153900
50.000000
40.000000
48.376449
50.000000
40.000000
41.475095
40.000000
45.623463
42.307285
50.000000
50.000000
49.213338
50.000000
50.000000
40.000000
49.074175
50.000000
50.000000
40.000000
45.757900
48.919515
68.380802
70.000000
60.000000
70.000000
60.000000
64.325388
60.000000
60.000000
70.000000
60.000000
62.964287
70.000000
67.122057
69.191505
60.000000
69.737254
60.000000
64.416139
63.510027
70.000000
80.000000
90.000000
88.314465
83.755457
90.000000
90.000000
90.000000
80.000000
90.000000
86.933121
100.000000
