-100.000000
-100.000000
-90.000000
-93.609210
-90.000000
-98.554211
-98.144885
-98.266620
-98.432484
-100.000000
-96.103790
-100.000000
-91.158802
-90.000000
-90.000000
-94.466951
-90.000000
-94.184067
-99.898791
-99.129057
-97.570107
-100.000000
-96.970359
-80.000000
-75.537472
-70.371142
-73.227554
-72.681052
-70.000000
-74.990960
-70.000000
-77.296153
-79.407567
-76.994478
-77.102368
-79.304383
-74.787743
-80.000000
-72.482546
-70.814431
-70.167923
-70.508039
-70.000000
-75.434236
-70.000000
-60.000000
-60.000000
-50.000000
-50.000000
-50.000000
-50.000000
-50.000000
-50.000000
-51.333503
-50.000000
-51.045935
-50.000000
-53.374662
-50.000000
-55.703388
-58.379251
-60.000000
-56.050532
-60.000000
-56.338108
-50.000000
-50.000000
-47.307592
-31.689557
-34.218837
-30.000000
-36.524011
-30.000000
-38.838612
-40.000000
-40.000000
-35.559754
-40.000000
-33.249864
-30.042216
-30.939975
-30.000000
-30.000000
-34.657275
-30.000000
-36.967161
-39.736363
-39.281760
-36.360485
-20.000000
-15.106907
-20.000000
-12.782884
-10.000000
-13.065728
-12.851975
-10.736992
-15.180713
-10.000000
-17.509451
-19.189278
-17.221893
-16.860542
-20.000000
-14.531806
-20.000000
-12.203070
-11.098347
-12.490628
-13.427085
-10.000000
-1.873370
10.000000
1.939009
1.357645
2.240707
3.667527
0.000000
5.977409
0.000000
8.287291
8.420819
7.980879
6.110936
0.000000
0.000000
10.000000
1.491171
1.800765
1.797583
4.110647
0.000000
5.380000
20.000000
28.739754
30.000000
20.000000
20.000000
30.000000
25.917839
20.000000
20.972809
20.000000
30.000000
30.000000
30.000000
30.000000
29.712662
26.698560
27.383928
29.027296
25.055195
30.000000
22.731175
20.813185
40.000000
42.894005
40.000000
45.203896
40.000000
47.513787
49.194518
47.207382
46.884623
50.000000
44.574729
50.000000
42.264835
41.027292
42.571237
43.332467
40.000000
43.030775
40.000000
45.340664
48.751318
50.000000
55.039243
69.969435
64.117930
70.000000
61.789211
61.517123
60.000000
61.229551
60.000000
66.174568
60.000000
68.498576
68.195686
68.215716
68.483267
70.000000
63.542972
70.000000
63.825841
62.092115
60.000000
66.245335
80.000000
84.123117
89.969095
89.049330
87.659168
90.000000
85.353957
90.000000
83.044033
80.253022
80.729398
82.562935
80.000000
84.872846
80.000000
87.182757
90.000000
89.487952
87.220494
90.000000
84.905866
90.000000
100.000000
