-100.000000
-100.000000
-90.498623
-100.000000
-90.000000
-100.000000
-95.274031
-90.000000
-98.879446
-90.000000
-90.000000
-92.011011
-90.000000
-100.000000
-91.762248
-100.000000
-90.000000
-90.000000
-100.000000
-94.463497
-97.615849
-100.000000
-90.000000
-100.000000
-90.000000
-90.000000
-80.000000
-70.955420
-80.000000
-80.000000
-80.000000
-70.000000
-76.287322
-80.000000
-70.000000
-70.000000
-80.000000
-76.461289
-75.608549
-80.000000
-70.000000
-80.000000
-80.000000
-80.000000
-74.915650
-80.000000
-70.000000
-80.000000
-80.000000
-70.000000
-80.000000
-80.000000
-59.393420
-50.000000
-50.000000
-50.000000
-50.000000
-55.675150
-60.000000
-50.172031
-60.000000
-50.885657
-57.045141
-50.000000
-50.000000
-59.201209
-50.000000
-60.000000
-50.000000
-60.000000
-60.000000
-40.000000
-40.000000
-40.000000
-30.000000
-40.000000
-30.000000
-40.000000
-30.049035
-40.000000
-40.000000
-33.045063
-34.885631
-30.000000
-30.737264
-30.000000
-40.000000
-40.000000
-30.000000
-30.807151
-20.000000
-10.000000
-20.000000
-10.000000
-13.780642
-20.000000
-10.000000
-20.000000
-10.000000
-20.000000
-10.000000
-10.000000
-16.784145
-20.000000
-10.000000
-10.443095
-20.000000
-10.000000
-16.675063
-20.000000
-10.000000
-10.000000
0.000000
10.000000
6.015122
10.000000
10.000000
10.000000
1.187939
6.737905
5.322157
0.000000
0.000000
0.000000
9.490906
10.000000
4.633906
0.000000
0.000000
10.000000
10.000000
0.000000
6.049652
8.513333
10.000000
20.000000
30.000000
30.000000
20.000000
25.383351
30.000000
20.000000
20.000000
20.000000
20.000000
30.000000
23.174273
20.000000
30.000000
30.000000
20.000000
20.000000
20.000000
30.000000
30.000000
30.000000
31.979667
43.483261
40.000000
50.000000
50.000000
40.000000
49.274657
42.795036
40.000000
50.000000
50.000000
50.000000
50.000000
47.888691
44.180989
43.749748
40.000000
40.000000
50.000000
41.409150
40.000000
50.000000
60.000000
60.304267
60.000000
70.000000
60.000000
64.915949
63.010170
60.000000
60.000000
60.000000
60.000000
65.716098
70.000000
61.567762
70.000000
60.000000
61.578303
70.000000
65.726644
62.199522
60.000000
70.000000
80.936422
90.000000
84.920352
80.000000
90.000000
90.000000
80.000000
90.000000
84.377811
90.000000
80.000000
80.000000
90.000000
88.370827
80.000000
90.000000
90.000000
80.000000
80.000000
89.054258
83.015594
100.000000
