60.000000
60.000000
50.000000
60.000000
50.000000
60.000000
50.000000
<<<<<<< HEAD
48.633787
33.040389
34.885449
37.188825
30.737052
40.000000
21.033600
=======
48.755453
32.954358
34.971481
37.102793
30.823083
40.000000
21.155267
>>>>>>> 0b7d3a452a6bf1231fda0ceace1892f3abc8bffa
10.000000
20.000000
10.000000
20.000000
10.000000
60.000000
<<<<<<< HEAD
50.000000
60.000000
50.000000
50.000000
60.000000
47.393787
33.917202
34.008637
38.065637
30.000000
40.000000
20.000000
10.000000
20.000000
10.000000
20.000000
20.000000
60.000000
50.000000
=======
60.000000
50.000000
50.861247
50.000000
50.000000
50.000000
50.000000
55.984235
60.000000
39.372969
40.000000
30.000000
40.000000
40.000000
40.000000
40.000000
20.000000
59.944322
60.000000
60.000000
60.000000
60.000000
60.000000
60.000000
>>>>>>> 0b7d3a452a6bf1231fda0ceace1892f3abc8bffa
60.000000
60.000000
60.000000
50.000000
50.000000
<<<<<<< HEAD
30.000000
38.981955
33.092319
34.833557
37.240679
26.826933
10.000000
20.000000
10.000000
20.000000
10.000000
60.000000
52.476761
59.597551
60.000000
60.000000
50.000000
30.000000
30.000000
40.000000
30.000000
40.000000
32.055229
34.160267
13.796392
18.277845
10.000000
10.000000
10.000000
60.000000
60.000000
50.000000
51.682669
60.000000
54.169065
50.000000
50.523327
50.000000
30.000000
30.000000
30.000000
30.000000
31.395263
36.813456
30.000000
37.679085
26.746933
-10.000000
-10.000000
-20.000000
-18.882847
-10.000000
-15.265570
-20.000000
-19.212777
-20.000000
-39.179893
-40.000000
-40.000000
-40.000000
-40.000000
-37.096337
-36.559760
-50.000000
-50.000000
-10.000000
-12.432353
-15.493448
-16.580788
-11.345051
-20.000000
-38.106560
-30.000000
-40.000000
-40.000000
-30.000000
-40.000000
-30.000000
-51.112194
-56.813683
-55.260629
-52.665285
-59.408989
-10.000000
-13.092319
-14.833482
-17.240755
-10.685084
-20.000000
-39.039893
-30.000000
-40.000000
-30.000000
-30.000000
-40.000000
-30.000000
-51.772160
-56.153716
-55.920596
-52.005319
-60.000000
-10.000000
-13.540154
-14.385648
-17.688589
-10.237250
-20.000000
-39.673227
-30.000000
-40.000000
-30.000000
-40.000000
-40.000000
-30.206427
-52.219995
-55.705882
-56.368430
-51.557484
-60.000000
-10.000000
-13.983274
-13.942527
-18.131709
-10.000000
-20.000000
-40.000000
-30.000000
-40.000000
-30.000000
-40.000000
-30.000000
-30.833093
-52.663115
-55.262762
-56.811550
-51.114364
=======
60.000000
50.000000
50.000000
50.000000
60.000000
60.000000
28.876553
29.417044
29.957535
30.498027
31.038518
31.579009
32.119500
32.659991
33.200482
33.740974
34.281465
34.821956
35.362447
35.902938
36.443430
36.983921
37.524412
38.064903
60.000000
60.000000
60.000000
60.000000
60.000000
56.536732
50.000000
50.000000
50.000000
50.000000
50.000000
59.817708
50.000000
50.000000
50.000000
50.000000
50.000000
50.000000
28.095675
10.207131
10.000000
10.000000
10.000000
10.000000
10.000000
10.000000
10.000000
10.000000
10.000000
10.000000
10.000000
10.000000
10.000000
10.000000
10.000000
10.000000
32.163915
29.465294
26.940076
24.414858
22.087242
19.244256
12.387447
5.530638
-1.326171
-8.182979
-10.000000
-10.000000
-10.000000
-10.000000
-20.000000
-20.000000
-20.000000
-20.000000
-24.611147
-24.984411
-25.323675
-25.794371
-26.927342
-28.060313
-29.193284
-29.817297
-31.291852
-34.882224
-39.018354
-43.154485
-47.290615
-50.893294
-54.436102
-57.978910
-60.000000
-60.000000
-58.083413
-57.550283
-56.885908
-56.213105
-55.564021
-55.040511
-54.517000
-54.275889
-53.981457
-53.767875
-53.706786
-53.645697
-53.709695
-53.816035
-53.921873
-53.866570
-53.974309
-54.082048
-41.131192
-40.876170
-40.702102
-40.512598
-40.339395
-40.138133
-39.879841
-39.761884
-39.763956
-39.749763
-39.751989
-39.684663
-39.673623
-39.660107
-39.754737
-39.868122
-39.963543
>>>>>>> 0b7d3a452a6bf1231fda0ceace1892f3abc8bffa
-60.000000
