60.000000
60.000000
50.000000
60.000000
50.000000
60.000000
50.000000
<<<<<<< HEAD
48.633787
33.040389
34.885449
37.188825
30.737052
40.000000
21.033600
=======
48.755453
32.954358
34.971481
37.102793
30.823083
40.000000
21.155267
>>>>>>> 0b7d3a452a6bf1231fda0ceace1892f3abc8bffa
10.000000
20.000000
10.000000
20.000000
10.000000
60.000000
<<<<<<< HEAD
50.000000
60.000000
50.000000
50.000000
60.000000
47.393787
33.917202
34.008637
38.065637
30.000000
40.000000
20.000000
10.000000
20.000000
10.000000
20.000000
20.000000
60.000000
50.000000
60.000000
50.000000
60.000000
50.000000
50.000000
30.000000
38.981955
33.092319
34.833557
37.240679
26.826933
10.000000
20.000000
10.000000
20.000000
10.000000
60.000000
52.476761
59.597551
50.000000
60.000000
50.000000
30.000000
30.000000
40.000000
30.000000
40.000000
32.055229
34.160267
13.796392
18.277845
10.000000
20.000000
10.000000
47.137715
47.815583
47.982604
48.099744
48.215735
48.329222
48.442710
48.942609
49.794809
50.647009
50.794694
49.076106
47.010721
46.043476
43.662218
41.666468
40.547009
37.292058
-10.000000
-10.000000
-10.000000
-20.000000
-16.808667
-10.000000
-11.755246
-10.000000
-20.000000
-40.000000
-40.000000
-40.000000
-40.000000
-39.509890
-40.000000
-40.000000
-40.000000
-30.968078
-10.000000
-12.432353
-15.493448
-16.580788
-11.345051
-20.000000
-38.286560
-30.000000
-40.000000
-40.000000
-30.000000
-40.000000
-30.000000
-51.112194
-56.813683
-55.260629
-52.665285
-59.408989
-10.000000
-13.092319
-14.833482
-17.240755
-10.685084
-20.000000
-39.039893
-30.000000
-40.000000
-30.000000
-30.000000
-40.000000
-30.000000
-51.772160
-56.153716
-55.920596
-52.005319
-60.000000
-10.000000
-13.540154
-14.385648
-17.688589
-10.237250
-20.000000
-39.673227
-30.000000
-40.000000
-30.000000
-40.000000
-40.000000
-30.206427
-52.219995
-55.705882
-56.368430
-51.557484
-60.000000
-10.000000
-13.983274
-13.942527
-18.131709
-10.000000
-20.000000
-40.000000
-30.000000
-40.000000
-30.000000
-40.000000
-30.000000
-30.833093
-52.663115
-55.262762
-56.811550
-51.114364
-60.000000
=======
60.000000
50.000000
50.861247
50.000000
50.000000
50.000000
53.910055
60.000000
50.000000
35.670453
40.000000
30.000000
30.000000
40.000000
40.000000
40.000000
36.310232
58.688005
60.000000
60.000000
60.000000
60.000000
60.000000
60.000000
60.000000
60.000000
50.000000
50.000000
60.000000
51.922823
50.000000
50.000000
54.802188
60.000000
50.000000
22.765791
23.443660
24.121529
24.799398
25.477266
26.155135
26.833004
27.510873
28.188741
28.866610
29.544479
30.222348
30.900216
31.578085
32.255954
32.933822
33.611691
34.289560
60.000000
60.000000
60.000000
60.000000
60.000000
60.000000
60.000000
60.000000
50.000000
60.000000
60.000000
59.817708
50.000000
50.000000
40.950453
30.000000
40.000000
30.000000
20.000000
20.000000
20.000000
10.766439
10.000000
10.000000
10.370425
11.048294
11.726162
12.404031
13.081900
13.759768
14.437637
15.115506
15.793375
16.471243
17.149112
17.826981
40.000000
30.201431
40.000000
40.000000
40.000000
27.981933
20.000000
20.000000
20.000000
20.000000
13.905781
10.000000
10.000000
10.000000
10.000000
10.000000
10.000000
7.402315
-23.850209
-23.186216
-23.026165
-22.866114
-22.706063
-22.546012
-22.390512
-22.235359
-22.458978
-23.032056
-23.605135
-24.198547
-24.799183
-25.399819
-26.041415
-26.684156
-27.326897
-27.969639
-54.422668
-54.184695
-53.793557
-53.899460
-54.005362
-54.111264
-54.216876
-54.321822
-54.426691
-54.530660
-54.361298
-54.007427
-53.653556
-53.299685
-52.945814
-52.591943
-52.238072
-51.884201
-36.777387
-36.534748
-36.292110
-36.066831
-35.893376
-35.651063
-35.447541
-35.254914
-35.012914
-34.770914
-34.528914
-34.534834
-34.578392
-34.625259
-34.585581
-34.641627
-34.674856
-50.000000
>>>>>>> 0b7d3a452a6bf1231fda0ceace1892f3abc8bffa
