60.000000
60.000000
50.000000
60.000000
50.000000
60.000000
50.000000
<<<<<<< HEAD
48.633787
33.040389
34.885449
37.188825
30.737052
40.000000
21.033600
10.000000
20.000000
10.000000
20.000000
10.000000
60.000000
50.000000
60.000000
50.000000
50.000000
60.000000
47.393787
33.917202
34.008637
38.065637
=======
48.755453
32.954358
40.000000
32.897301
39.171081
>>>>>>> 0b7d3a452a6bf1231fda0ceace1892f3abc8bffa
30.000000
40.000000
20.000000
10.000000
20.000000
10.000000
20.000000
<<<<<<< HEAD
20.000000
60.000000
50.000000
60.000000
50.000000
60.000000
50.000000
50.000000
30.000000
38.981955
33.092319
34.833557
37.240679
26.826933
10.000000
20.000000
10.000000
20.000000
10.000000
60.000000
52.476761
59.597551
50.000000
60.000000
50.000000
30.000000
30.000000
40.000000
30.000000
40.000000
32.055229
34.160267
13.669113
18.277845
10.000000
20.000000
10.000000
60.000000
57.492505
54.581807
60.000000
56.243245
60.000000
60.000000
50.020743
30.000000
30.000000
40.000000
40.000000
30.000000
40.000000
40.000000
40.000000
37.083110
10.515416
-10.000000
-10.000000
-10.000000
-11.117134
-20.000000
-20.000000
-18.264230
-20.000000
-10.000000
-20.000000
-40.000000
-40.000000
-30.000000
-30.000000
-40.000000
-40.000000
-30.000000
-33.945562
-10.000000
-12.432353
-15.493448
-16.580788
-11.345051
-20.000000
-38.106560
-30.000000
-40.000000
-40.000000
-30.000000
-40.000000
-30.000000
-51.112194
-56.813683
-55.260629
-52.665285
-59.408989
-10.000000
-10.000000
-10.000000
-17.240755
-10.685084
-20.000000
-39.039893
-30.000000
-40.000000
-30.000000
-30.000000
-40.000000
-30.000000
-51.772160
-56.153716
-55.920596
-52.005319
-60.000000
-10.000000
-13.540154
-14.385648
-17.688589
-10.237250
-20.000000
-39.673227
-30.000000
-40.000000
-30.000000
-40.000000
-40.000000
-30.206427
-52.219995
-55.705882
-56.368430
-60.000000
-60.000000
-10.000000
-13.983274
-13.942527
-18.131709
-10.000000
-20.000000
-40.000000
-30.000000
-40.000000
-30.000000
-40.000000
-30.000000
-30.833093
-52.663115
-55.262762
-56.811550
-51.114364
=======
60.000000
60.000000
50.000000
50.861247
50.000000
50.000000
50.000000
53.910055
54.015897
50.000000
40.000000
30.000000
30.000000
40.000000
40.000000
30.000000
40.000000
40.000000
60.000000
60.000000
60.000000
60.000000
60.000000
60.000000
60.000000
60.000000
60.000000
60.000000
50.000000
53.934804
60.000000
60.000000
50.000000
50.000000
50.000000
60.000000
18.996982
19.674851
20.352720
21.030589
21.708457
22.386326
23.064195
23.742064
24.419932
25.097801
25.775670
26.453539
27.131407
27.809276
28.487145
29.165013
29.842882
30.520751
60.000000
60.000000
60.000000
60.000000
60.000000
60.000000
60.000000
60.000000
60.000000
60.000000
60.000000
59.817708
50.000000
50.000000
50.000000
50.000000
45.280444
40.000000
10.000000
12.274196
12.840619
10.000000
10.000000
10.000000
10.000000
10.000000
10.000000
10.000000
10.000000
10.000000
10.000000
10.000000
10.000000
10.000000
10.000000
10.000000
26.297639
25.847791
24.777327
23.571470
23.234516
22.926463
22.618410
21.338955
17.316217
13.293479
9.270741
5.248003
-1.379081
-8.602261
-15.825440
-10.000000
-10.000000
-17.172401
-22.543989
-21.860311
-21.752860
-21.540686
-20.799266
-20.275212
-20.255288
-20.235364
-20.215441
-20.790897
-21.753567
-22.716237
-23.678907
-26.797286
-31.835513
-37.213648
-45.091050
-47.676386
-58.569732
-58.031118
-57.492589
-56.852606
-56.609618
-56.366629
-56.123079
-55.819569
-55.419932
-55.020296
-54.657348
-54.418457
-54.179565
-54.217267
-54.316363
-54.415426
-54.513554
-54.610910
-39.915068
-39.668058
-39.430190
-39.252122
-39.005496
-38.775087
-38.529375
-38.325090
-38.262072
-38.277270
-38.230620
-38.226196
-38.232689
-38.157578
-38.167730
-38.091472
-38.110952
>>>>>>> 0b7d3a452a6bf1231fda0ceace1892f3abc8bffa
-60.000000
