60.000000
60.000000
50.000000
60.000000
50.000000
60.000000
50.000000
48.755453
32.954358
34.971481
37.102793
30.823083
40.000000
21.155267
10.000000
20.000000
10.000000
20.000000
10.000000
60.000000
60.000000
50.000000
50.861247
60.000000
50.000000
50.000000
50.000000
55.984235
51.941717
50.000000
32.737120
30.000000
40.000000
30.000000
40.000000
30.000000
40.000000
59.944322
60.000000
60.000000
60.000000
60.000000
60.000000
60.000000
60.000000
60.000000
60.000000
60.000000
50.000000
60.000000
50.000000
50.000000
60.000000
60.000000
50.000000
19.625141
20.303009
20.980878
21.658747
22.336616
23.014484
23.692353
24.370222
25.048091
25.725959
26.403828
27.081697
27.759566
28.437434
29.115303
29.793172
30.471041
31.148909
60.000000
60.000000
60.000000
60.000000
60.000000
60.000000
54.462552
50.000000
36.302120
30.000000
30.000000
30.000000
30.000000
30.000000
30.000000
30.000000
27.073014
20.000000
20.858907
21.399398
21.939889
22.480380
23.020871
23.561363
24.101854
24.642345
25.182836
25.723327
26.263819
26.804310
27.344801
27.885292
28.425783
28.966275
29.506766
30.047257
30.000000
40.000000
36.781933
20.000000
13.581903
10.000000
20.000000
20.000000
20.000000
14.833382
10.000000
-10.000000
-10.000000
-10.000000
-10.000000
-13.023966
-20.000000
-12.821763
-25.416118
-24.742264
-24.165874
-24.944438
-25.727940
-26.528046
-27.319073
-27.491096
-27.663119
-28.304915
-29.252792
-31.553195
-34.298685
-36.918046
-39.523183
-42.128320
-44.695180
-46.338641
-27.842016
-27.591087
-27.340157
-27.089228
-26.838298
-26.587369
-26.336439
-26.085510
-25.834580
-25.583651
-25.332721
-25.081792
-24.830862
-24.579933
-24.329003
-24.078074
-23.827144
-23.576215
-14.679375
-14.606024
-14.679875
-14.637453
-14.679226
-14.669695
-15.032620
-15.498364
-16.024311
-16.457110
-17.032011
-17.427246
-17.792261
-18.761304
-19.947150
-20.939394
-22.064672
-60.000000
