-100.000000
-100.000000
-95.731213
-100.000000
-90.000000
-100.000000
-92.657736
-94.179543
-90.000000
-100.000000
-90.000000
-97.248315
-98.526855
-100.000000
-90.000000
-100.000000
-92.837100
-94.000219
-90.000000
-100.000000
-90.000000
-94.457394
-98.170359
-80.000000
-70.000000
-77.512921
-73.043706
-71.167843
-70.000000
-80.000000
-70.007793
-76.815320
-76.352866
-80.000000
-70.000000
-77.239631
-75.933256
-70.894549
-70.000000
-80.000000
-70.281060
-76.546731
-70.000000
-80.000000
-70.000000
-60.000000
-56.196536
-50.000000
-50.000000
-60.000000
-50.511427
-56.325688
-50.000000
-60.000000
-50.049482
-59.403937
-53.759452
-60.000000
-50.000000
-59.861175
-50.685930
-56.146495
-50.000000
-60.000000
-50.228706
-56.608444
-51.427999
-40.000000
-30.000000
-40.000000
-30.892874
-33.318460
-30.000000
-40.000000
-30.000000
-36.354314
-34.202109
-40.000000
-30.000000
-40.000000
-31.170963
-33.045067
-30.000000
-40.000000
-30.000000
-38.697215
-34.475488
-40.000000
-30.000000
-20.000000
-14.046247
-15.406988
-10.000000
-20.000000
-10.000000
-18.480545
-14.682648
-20.000000
-10.000000
-20.000000
-11.613808
-15.227852
-10.000000
-20.000000
-10.000000
-18.296695
-14.861791
-20.000000
-10.000000
-18.758670
-12.086815
-6.566704
10.000000
0.000000
10.000000
1.920152
4.912035
0.000000
10.000000
1.495887
7.947880
5.224696
10.000000
0.000000
8.367430
2.188850
2.022325
0.000000
10.000000
1.769299
5.058171
5.498108
10.000000
20.000000
30.000000
22.443580
24.393403
20.000000
30.000000
20.000000
24.850662
28.312578
20.000000
20.000000
30.000000
22.622733
24.214260
20.000000
30.000000
20.000000
27.283100
28.491734
20.000000
20.000000
30.000000
40.000000
44.025376
40.000000
50.000000
42.382736
47.061239
46.111533
50.000000
40.000000
47.480805
43.075662
43.752003
40.000000
50.000000
40.039794
46.787863
49.001183
50.000000
40.000000
47.207426
43.353737
41.219515
60.000000
70.000000
62.911134
66.542310
60.000000
70.000000
60.000000
69.615837
66.163887
70.000000
60.000000
70.000000
60.478794
66.358382
60.000000
70.000000
60.000000
69.436617
63.726846
70.000000
60.000000
70.000000
79.511521
86.173726
80.000000
90.000000
80.000000
86.593347
86.579608
90.000000
80.000000
90.000000
80.932102
85.900479
80.000000
90.000000
80.000000
86.320086
84.236538
90.000000
80.000000
89.355985
83.816921
84.258063
100.000000
