0
25.9434
50
60
50
60
50
30
40
30
40
30
40
20
10
20
10
20
10
60
50
60
50
60
50
30
40
30
40
30
40
20
10
20
10
20
10
60
50
60
50
60
50
40
40
30
40
10
20
10
20
10
55.086
54.6223
55.6629
55.0122
56.2486
55.2778
46.1041
44.1372
30
40
30
40
20
10
20
10
20
10
60
50
60
50
60
50
30
40
30
30
40
20
10
10
20
10
-10
-10
-20
-10
-20
-40
-30
-40
-30
-40
-30
-50
-50
-50
-60
-57.6828
-10
-20
-10
-20
-40
-30
-40
-31.3522
-50
-60
-50
-60
-50
-60
-10
-20
-10
-20
-10
-20
-40
-30
-40
-30
-40
-30
-50
-60
-50
-60
-50
-60
-10
-20
-10
-20
-10
-20
-40
-30
-40
-30
-40
-30
-50
-60
-50
-50
-60
-10
-20
-10
-20
-10
-20
-40
-30
-40
-30
-40
-30
-50
-60
-50
-60
-50
-60.000000
