-100.000000
-100.000000
-90.498623
-100.000000
-90.000000
-100.000000
-90.000000
-90.000000
-90.000000
-90.000000
-90.000000
-97.998836
-95.915274
-100.000000
-91.762248
-100.000000
-90.000000
-100.000000
-90.000000
-95.541669
-100.000000
-99.685270
-90.000000
-80.000000
-70.000000
-74.891912
-80.000000
-80.000000
-80.000000
-70.000000
-80.000000
-80.000000
-70.000000
-80.000000
-70.000000
-70.000000
-78.544866
-70.000000
-80.000000
-70.000000
-70.281087
-70.000000
-80.000000
-72.836777
-75.098788
-80.000000
-70.000000
-50.000000
-60.000000
-50.000000
-55.753445
-60.000000
-60.000000
-50.000000
-50.000000
-60.000000
-50.000000
-60.000000
-60.000000
-50.000000
-60.000000
-50.000000
-50.000000
-55.071679
-60.000000
-60.000000
-60.000000
-60.000000
-56.687999
-50.000000
-33.499750
-30.000000
-40.000000
-30.000000
-38.326915
-30.000000
-40.000000
-37.876951
-30.063177
-30.000000
-30.000000
-30.000000
-40.000000
-30.000000
-30.000000
-30.000000
-40.000000
-30.000000
-34.426294
-30.000000
-20.000000
-10.000000
-10.000000
-10.000000
-20.000000
-14.145245
-10.000000
-20.000000
-20.000000
-20.000000
-20.000000
-14.772218
-17.306746
-20.000000
-20.000000
-10.000000
-10.000000
-10.000000
-20.000000
-20.000000
-20.000000
-20.000000
-10.000000
3.945656
10.000000
8.094016
0.000000
10.000000
0.000000
6.742619
10.000000
10.000000
10.000000
10.000000
0.000000
7.435582
10.000000
10.000000
0.000000
10.000000
0.000000
1.885618
6.044938
8.520000
20.000000
30.000000
30.000000
28.769832
20.000000
20.000000
30.000000
30.000000
20.000000
30.000000
20.000000
24.751663
30.000000
20.000000
30.000000
20.000000
30.000000
20.000000
20.000000
30.000000
30.000000
40.000000
41.404367
50.000000
40.000000
40.000000
50.000000
40.000000
49.284085
40.000000
50.000000
40.000000
50.000000
50.000000
49.962871
40.000000
45.823928
43.768593
40.000000
50.000000
50.000000
41.413864
46.516861
47.852849
60.000000
60.000000
70.000000
60.000000
60.000000
60.000000
60.000000
60.000000
60.000000
70.000000
62.205325
65.711384
60.000000
60.000000
70.000000
70.000000
60.000000
70.000000
60.000000
70.000000
69.870289
70.000000
61.325335
80.000000
85.080068
80.000000
90.000000
90.000000
89.756875
82.322456
80.000000
90.000000
80.000000
90.000000
90.000000
81.634297
90.000000
80.000000
82.157644
89.912216
90.000000
90.000000
80.000000
100.000000
