0.000000
0.000000
3.141076
6.279052
9.410831
12.512982
15.643447
18.508736
21.681547
24.436000
27.563426
30.272994
33.873791
35.998273
39.714790
42.577930
45.399052
48.175369
50.904140
53.582680
56.050224
58.703431
60.969203
63.504618
65.663463
68.071750
70.115802
72.896866
75.011108
77.051323
79.015503
80.901703
82.708061
84.351942
86.048103
87.451716
88.977145
90.229574
91.578667
92.675392
94.088074
95.105652
96.029366
96.858315
97.591675
98.228722
98.749803
99.209526
99.520423
99.784690
99.925144
99.993013
99.962548
99.802673
99.556198
99.211472
98.768837
98.228722
97.591675
96.969399
96.128957
95.307935
94.808796
93.392062
92.708018
91.052782
89.253179
88.250488
86.213717
84.432793
82.825288
81.907434
79.440251
78.277601
75.608991
73.261051
71.303225
70.167823
67.127628
63.981823
62.286937
58.973065
57.426516
53.964387
52.354735
48.757416
47.090216
43.371239
41.652277
37.825608
36.060884
32.140864
30.336575
26.337865
22.298177
18.738131
15.767630
14.173295
10.038584
8.142161
3.984401
0.453755
-2.377710
-5.613549
-8.437941
-10.042214
-14.176209
-18.287997
-21.814323
-24.788518
-27.899111
-30.619563
-33.686579
-36.337535
-39.335635
-41.921435
-44.839558
-47.350756
-48.762595
-52.357018
-55.869326
-58.778526
-61.259599
-63.742397
-65.939689
-67.133790
-70.170124
-72.641014
-74.554555
-75.613665
-78.277973
-79.443946
-81.906643
-84.239874
-85.384507
-87.491983
-88.382677
-90.265188
-91.055730
-92.706039
-93.393914
-94.805664
-95.388693
-96.556429
-97.032782
-97.951993
-98.715458
-99.030328
-99.529391
-99.802673
-99.942309
-99.998737
-99.956824
-99.816627
-99.603958
-99.267677
-99.057950
-98.399035
-98.214834
-97.326403
-96.858315
-95.758528
-94.469049
-93.600605
-92.048655
-91.295198
-89.508253
-88.653760
-86.703998
-85.899391
-83.673892
-82.637487
-80.199786
-79.015503
-76.430609
-73.669881
-71.902110
-70.710678
-70.121182
-67.041227
-63.911580
-60.656226
-58.463357
-55.021570
-53.087525
-49.502687
-48.175369
-44.503995
-40.735007
-38.351289
-34.579075
-32.678384
-28.822844
-26.885118
-22.960650
-20.992769
-17.014030
-15.425836
-11.295633
-9.403331
-5.247429
-2.939070
1.112838
5.276000
7.582394
11.728509
13.617239
17.619445
19.203508
23.272579
25.514713
29.409908
30.948487
34.878780
36.812454
40.499933
44.274695
46.231439
49.884669
51.525352
55.051260
56.629747
60.013339
61.525890
64.754390
66.195830
69.257018
70.906380
73.700672
76.456503
77.664211
80.225324
81.342126
83.696641
84.720910
86.859817
87.979405
89.884013
90.700983
92.328397
92.977646
94.390832
95.683834
96.405052
97.404257
97.836743
98.614180
98.851129
99.386609
99.617202
99.885274
99.953053
99.976209
99.934352
99.703743
99.300834
99.064244
98.406603
98.140953
97.242270
96.799965
95.652325
95.102594
93.710441
92.977646
91.423757
90.482704
88.800668
87.630669
85.850782
83.625682
82.708061
81.644920
79.179175
76.552312
74.968882
72.127941
70.710678
67.795248
66.131187
63.213016
61.290707
58.398036
54.956731
53.125469
49.541277
47.888851
44.181570
42.475665
38.659217
36.812454
32.994477
30.901699
27.208136
24.868988
21.321426
17.232237
15.066985
10.935490
9.042008
4.885858
2.983500
-1.181832
-3.141076
-7.245285
-9.410831
-13.282218
-15.643447
-19.270440
-23.339479
-25.471836
-27.899111
-28.291189
-32.242018
-36.171946
-40.023045
-42.577930
-46.293196
-48.175369
-51.585075
-53.582680
-56.687135
-60.070906
-61.809342
-65.031220
-66.464554
-69.518621
-70.875370
-73.750036
-75.025628
-77.709947
-79.015503
-81.383854
-82.708061
-84.758292
-86.074203
-87.820921
-89.736173
-90.682614
-92.356885
-93.073343
-94.509681
-95.121969
-96.314820
-96.858315
-97.765739
-98.228722
-98.857171
-99.211472
-99.585151
-99.865139
-99.958777
-100.000000
-99.990500
-99.822299
-99.596371
-99.192162
-98.768837
-98.282176
-98.228722
-97.390611
-96.374140
-95.919759
-94.593742
-93.196834
-91.775459
-90.618996
-89.922334
-88.014965
-87.104651
-84.973136
-83.966326
-81.618862
-80.518860
-77.953714
-75.276955
-72.453380
-70.710678
-69.607919
-66.552448
-65.123704
-61.897127
-60.402209
-57.023484
-55.457051
-51.935563
-50.307607
-46.656633
-44.972785
-41.206044
-37.375051
-33.798291
-30.901699
-29.592979
-25.588093
-23.744010
-19.674804
-16.200971
-12.533323
-8.972416
-6.279052
-5.759638
-1.596731
0.000000
1.625174
5.787715
9.938605
12.533323
15.643447
18.124285
19.705372
23.771263
25.616546
29.619640
32.970125
36.812454
39.764373
43.548866
45.399052
48.124818
48.175369
50.634612
54.183521
57.650458
61.033850
63.188503
66.131187
66.575750
69.626871
70.980029
73.844343
76.602014
77.985648
80.535103
82.927381
84.432793
84.989700
87.115875
89.100655
90.057154
90.744609
92.414898
93.126607
94.558860
95.840880
96.433041
97.458172
98.162607
98.768837
99.295705
99.556198
99.783772
99.950653
99.981478
99.950653
99.750204
99.369364
99.119486
98.473000
98.139255
97.240336
96.797755
95.649884
95.099882
93.707502
92.977646
91.775459
91.775459
90.167029
89.100655
87.369495
85.228578
83.021782
80.625940
78.838592
76.189805
74.963258
72.122142
70.710678
67.789086
66.131187
63.206513
61.290707
58.391220
54.949781
53.118355
49.534041
47.881479
44.174090
42.468065
38.651522
36.812454
32.986598
30.901699
27.200102
24.868988
21.313270
17.224036
15.058736
10.927211
9.033701
4.877537
2.975169
-1.190162
-3.141076
-7.253593
-9.410831
-13.290470
-15.643447
-19.278604
-23.347592
-25.479876
-29.484095
-31.299457
-35.226172
-37.004013
-40.838545
-42.577930
-46.300578
-48.175369
-51.592200
-53.582680
-56.693976
-60.077607
-61.815858
-65.037584
-66.470731
-69.524635
-70.881184
-72.896866
-72.917595
-75.657438
-78.348859
-80.874900
-82.708061
-84.762681
-86.074203
-87.824855
-89.739893
-90.686058
-92.360108
-93.076302
-94.512413
-95.124431
-96.317050
-96.858315
-97.767458
-98.228722
-98.858373
-99.211472
-99.585829
-99.860949
-99.965301
-99.965929
-99.916690
-99.660444
-99.455406
-98.952888
-98.717630
-97.946171
-97.476081
-96.485841
-96.029366
-94.802341
-93.388097
-92.599641
-90.936923
-90.141387
-88.246780
-87.351278
-85.232078
-84.015304
-81.669959
-80.817547
-78.274402
-77.051323
-74.356934
-71.499207
-69.964858
-66.916900
-65.502765
-62.286137
-60.799418
-57.426367
-55.531452
-52.011325
-50.384907
-46.840823
-45.052678
-41.287016
-39.714790
-36.064740
-32.148274
-30.067021
-26.065028
-23.830451
-19.876169
-17.895111
-13.780977
-11.893747
-7.747547
-6.254828
-2.092364
0.000000
3.976189
8.133391
10.322418
14.455409
16.337475
20.430367
22.688265
26.614789
28.554757
32.412852
34.316266
38.197038
39.951638
43.732734
47.446367
49.007779
52.598102
54.205311
57.659714
59.203459
62.508910
63.983886
67.127893
68.822023
71.702018
72.896866
75.603264
78.274234
79.613788
82.069914
83.137437
85.382230
86.355364
88.380224
89.255801
91.048087
91.828129
93.390631
94.195381
95.506004
96.664819
97.194399
98.069157
98.368903
99.027960
99.366124
99.747168
99.859107
99.983627
99.984502
99.852019
99.645574
99.221357
98.959171
98.280268
97.908554
96.977622
96.497606
95.318255
94.731505
93.308304
92.616725
90.955186
90.161022
88.267559
86.234279
85.111233
82.849147
81.770399
79.297682
77.107709
75.271311
73.100766
71.137514
69.996852
66.951993
65.536632
62.323298
59.012028
58.778526
56.123666
52.623209
49.047864
46.880114
43.158060
41.435663
37.606304
35.838609
31.916298
30.109512
26.108917
22.686455
19.919677
15.822150
13.938185
9.802629
7.905432
3.747249
0.216331
-2.615134
-4.225073
-8.382050
-10.278248
-14.411397
-16.293694
-20.387620
-24.449663
-26.571898
-30.567128
-32.370770
-36.286565
-38.050419
-41.872133
-43.589985
-47.303298
-48.969129
-52.560099
-54.168110
-57.623228
-60.987883
-62.700964
-65.902016
-67.309851
-68.454712
-69.430671
-72.340317
-75.161888
-77.874660
-79.587015
-82.044177
-84.009860
-85.509068
-87.610644
-88.494262
-90.370659
-91.775459
-92.906026
-94.056262
-94.975528
-95.458862
-96.619991
-97.088501
-98.000992
-98.361223
-99.021553
-99.523613
-99.735218
-99.950653
-100.000000
-99.950653
-99.802673
-99.556198
-99.211472
-98.792562
-98.240725
-97.668796
-96.924107
-96.185672
-95.250897
-94.348663
-92.977646
-91.775459
-90.482704
-89.100655
-87.630669
-86.074203
-84.494256
-82.718914
-81.091635
-79.155106
-77.390817
-75.300260
-73.405401
-70.710678
-68.454712
-66.131187
-63.742397
-61.290707
-58.778526
-56.267893
-53.582680
-51.147647
-48.338892
-45.839432
-42.938017
-40.362725
-36.812454
-34.737635
-30.901699
-27.899111
-24.868988
-21.814323
-18.767702
-15.643447
-12.773638
-9.555489
-6.732863
-3.498683
0.000000
