60.000000
60.000000
50.000000
60.000000
50.000000
60.000000
50.000000
48.755453
32.954358
34.971481
37.102793
30.823083
40.000000
21.155267
10.000000
20.000000
10.000000
20.000000
10.000000
60.000000
50.000000
60.000000
50.000000
50.000000
60.000000
52.922238
50.000000
41.537120
30.000000
40.000000
40.000000
40.000000
30.000000
30.000000
40.000000
40.000000
20.000000
60.000000
60.000000
60.000000
60.000000
60.000000
60.000000
60.000000
60.000000
50.000000
50.000000
60.000000
60.000000
50.000000
50.000000
60.000000
50.000000
37.342120
32.614947
10.000000
10.000000
10.302186
10.980055
11.657923
12.335792
13.013661
13.691530
14.369398
15.047267
15.725136
16.403005
17.080873
17.758742
18.436611
19.114480
19.792348
20.470217
30.000000
30.000000
37.724972
40.000000
40.000000
30.000000
30.000000
30.000000
30.000000
30.000000
40.000000
40.000000
40.000000
40.000000
33.594942
30.000000
30.000000
30.000000
20.000000
20.000000
12.840619
19.233617
20.000000
20.000000
10.000000
10.000000
10.000000
10.000000
10.568843
11.246711
11.924580
12.602449
13.280318
13.958186
14.636055
15.313924
10.000000
10.000000
10.000000
10.000000
10.000000
10.000000
10.000000
10.000000
10.000000
10.000000
10.000000
-18.098292
-20.000000
-20.000000
-20.000000
-10.000000
-10.000000
-20.000000
-18.652974
-18.790514
-19.161346
-21.829114
-24.554310
-27.461743
-30.369175
-33.276608
-36.184041
-39.091473
-43.910089
-50.000000
-50.000000
-50.000000
-50.000000
-50.000000
-50.000000
-50.000000
-34.917538
-34.548913
-34.180288
-33.811663
-33.443038
-33.074413
-32.705788
-32.337163
-31.968537
-31.599912
-31.231287
-30.862662
-30.494037
-30.125412
-29.756787
-29.388162
-29.293763
-29.885983
-49.968597
-49.290728
-48.612859
-47.934990
-47.257122
-46.579253
-46.178213
-46.064233
-45.950254
-45.695914
-45.540803
-45.251618
-44.936564
-45.061788
-45.350958
-45.503869
-45.759382
-60.000000
