0.000000
0.000000
0.000000
21.213203
30.000000
21.213203
0.000000
-21.213203
-21.213203
-21.213203
0.000000
0.000000
10.606602
15.000000
10.606602
0.000000
-10.606602
-10.606602
-10.606602
0.000000
0.000000
0.000000
21.213203
28.462477
21.213203
0.000000
-21.213203
-30.000000
-22.811956
-21.213203
0.000000
10.606602
15.000000
10.606602
10.606602
-10.606602
-15.000000
-10.606602
-10.606602
0.000000
0.000000
0.000000
20.639184
30.000000
15.279300
-15.094592
-21.213203
-21.213203
0.000000
0.000000
10.606602
10.606602
10.606602
0.000000
-10.606602
-15.000000
-10.606602
-10.606602
0.000000
0.000000
3.975630
21.213203
21.213203
21.213203
12.589990
-22.798765
-30.000000
-17.679928
0.000000
0.000000
2.816621
10.606602
0.000000
0.000000
-5.871322
-15.000000
0.000000
