-100.000000
-100.000000
-90.000000
-100.000000
-90.531661
-100.000000
-90.000000
-100.000000
-90.000000
-100.000000
-90.000000
-100.000000
-90.000000
-100.000000
-90.000000
-100.000000
-90.000000
-100.000000
-90.000000
-100.000000
-90.000000
-100.000000
-90.000000
-80.000000
-70.000000
-80.000000
-70.000000
-80.000000
-70.000000
-80.000000
-70.000000
-80.000000
-70.000000
-77.065189
-72.572171
-77.791175
-74.462474
-78.517160
-73.736482
-79.243144
-70.394197
-79.969127
-70.000000
-78.078815
-70.000000
-60.000000
-50.000000
-60.000000
-50.000000
-60.000000
-50.000000
-60.000000
-50.000000
-60.000000
-50.000000
-60.000000
-50.000000
-60.000000
-50.000000
-60.000000
-50.000000
-60.000000
-50.000000
-60.000000
-50.000000
-60.000000
-50.000000
-40.000000
-30.000000
-40.000000
-30.000000
-40.000000
-30.000000
-40.000000
-30.000000
-40.000000
-32.844464
-37.518688
-32.118493
-38.244655
-34.008818
-36.354327
-30.666553
-37.080294
-30.000000
-40.000000
-30.000000
-40.000000
-30.000000
-20.000000
-10.369291
-20.000000
-10.000000
-20.000000
-10.000000
-20.000000
-10.000000
-20.000000
-10.000000
-20.000000
-10.000000
-20.000000
-10.000000
-20.000000
-10.000000
-20.000000
-10.000000
-20.000000
-10.000000
-20.000000
-10.000000
0.000000
10.000000
0.000000
10.000000
0.000000
10.000000
0.000000
10.000000
2.754537
4.992174
2.028573
8.334432
1.302610
9.060395
0.576647
7.170063
2.466978
10.000000
1.741015
8.621989
0.000000
10.000000
20.000000
30.000000
20.000000
30.000000
20.000000
30.000000
20.000000
30.000000
20.000000
30.000000
20.000000
30.000000
20.000000
30.000000
20.000000
30.000000
20.000000
30.000000
20.000000
30.000000
20.000000
30.000000
40.000000
50.000000
40.000000
50.000000
40.000000
50.000000
40.000000
44.718367
42.302571
45.444338
41.576596
48.786603
40.850621
49.512574
40.129361
50.000000
40.000000
50.000000
40.000000
49.074188
40.000000
50.000000
60.000000
70.000000
60.000000
70.000000
60.000000
70.000000
60.000000
70.000000
60.000000
70.000000
60.000000
70.000000
60.000000
70.000000
60.000000
70.000000
60.000000
70.000000
60.000000
70.000000
60.000000
70.000000
80.000000
90.000000
80.000000
90.000000
80.000000
90.000000
82.577384
87.786034
81.851380
88.512029
81.125377
89.238023
83.015672
89.959301
80.000000
90.000000
80.000000
90.000000
80.000000
89.525691
80.000000
90.000000
100.000000
