0
25.9434
50
60
50
60
50
30
40
30
40
30
40
20
10
20
10
20
10
60
50
60
50
60
50
30
30
40
30
40
20
10
20
10
20
10
60
50
60
50
60
50
30
40
30
40
30
40
20
10
20
10
20
10
55.0198
54.568
55.6048
54.9711
56.1961
55.2543
46.3172
44.3704
30
40
30
40
20
10
20
10
20
10
60
50
50
60
50
30
40
30
40
30
40
20
10
20
10
20
10
-10
-20
-10
-20
-10
-20
-40
-30
-40
-30
-40
-30
-50
-60
-50
-60
-50
-60
-10
-20
-10
-20
-10
-20
-40
-30
-40
-30
-40
-30
-50
-60
-50
-60
-50
-60
-10
-20
-10
-20
-10
-20
-40
-30
-40
-30
-40
-30
-50
-60
-60
-50
-60
-10
-20
-10
-20
-39.3371
-30
-40
-30
-40
-30
-50
-60
-50
-60
-50
-60
-10
-20
-10
-20
-10
-20
-40
-30
-40
-30
-40
-30
-50
-60
-50
-60
-50
-60.000000
