60.000000
60.000000
50.000000
60.000000
50.000000
60.000000
50.000000
48.755453
32.954358
34.971481
37.102793
30.823083
40.000000
21.155267
10.000000
20.000000
10.000000
20.000000
10.000000
60.000000
50.000000
60.000000
50.000000
50.000000
50.000000
60.000000
49.332070
30.000000
38.040813
40.000000
30.000000
30.000000
40.000000
40.000000
40.000000
40.000000
20.000000
60.000000
60.000000
60.000000
60.000000
60.000000
60.000000
60.000000
50.000000
50.000000
60.000000
60.000000
50.000000
50.000000
60.000000
60.000000
50.000000
50.000000
30.000000
22.137633
22.815502
23.493370
24.171239
24.849108
25.526977
26.204845
26.882714
27.560583
28.238452
28.916320
29.594189
30.272058
30.949927
31.627795
32.305664
32.983533
33.661402
60.000000
60.000000
60.000000
50.000000
50.000000
50.000000
55.537580
60.000000
60.000000
50.000000
50.000000
50.000000
50.000000
50.000000
43.595112
40.000000
40.000000
40.000000
36.989092
20.000000
20.000000
20.000000
20.000000
20.000000
10.119020
10.796889
11.474758
12.152627
12.830495
13.508364
14.186233
14.864102
15.541970
16.219839
16.897708
17.575577
40.000000
40.000000
40.000000
10.000000
10.000000
10.000000
10.000000
10.000000
10.000000
10.000000
10.000000
10.000000
10.000000
-9.849572
-10.000000
-20.000000
-20.000000
-15.674526
-34.862599
-36.096104
-38.159544
-40.222985
-42.286425
-43.300991
-44.157070
-44.898125
-44.460962
-44.023799
-43.586636
-43.149473
-42.712310
-42.275147
-41.837984
-41.400821
-40.963658
-40.526495
-32.320385
-31.959421
-31.598457
-31.237492
-30.876528
-30.515564
-30.154600
-29.793636
-29.432671
-29.071707
-28.710743
-28.349779
-28.350738
-28.383505
-28.416272
-28.449177
-28.482291
-28.874584
-18.012065
-17.830955
-17.833368
-17.691977
-17.655574
-17.557051
-17.937274
-18.445582
-19.036053
-19.501155
-20.158882
-20.572546
-20.949013
-22.153479
-23.652215
-24.880685
-26.289769
-60.000000
