-100.000000
-100.000000
-90.498623
-100.000000
-90.000000
-100.000000
-90.000000
-100.000000
-100.000000
-90.000000
-100.000000
-100.000000
-90.000000
-90.000000
-100.000000
-90.000000
-90.000000
-90.000000
-96.542391
-100.000000
-100.000000
-99.685270
-100.000000
-88.942993
-77.187388
-80.000000
-80.000000
-80.000000
-70.000000
-70.064783
-80.000000
-75.791926
-73.736571
-70.000000
-80.000000
-70.000000
-80.000000
-73.506130
-70.000000
-70.000000
-79.728691
-70.000000
-79.251862
-80.000000
-73.081937
-60.000000
-60.000000
-50.000000
-60.000000
-50.000000
-54.251518
-60.000000
-50.000000
-60.000000
-50.000000
-50.000000
-50.000000
-55.698686
-60.000000
-50.000000
-60.000000
-59.091072
-52.978657
-54.942731
-57.145859
-60.000000
-60.000000
-41.094665
-37.648110
-30.000000
-36.495721
-40.000000
-30.000000
-40.000000
-40.000000
-36.266869
-35.802771
-32.123215
-30.000000
-40.000000
-30.000000
-36.955096
-35.119247
-40.000000
-30.000000
-30.000000
-30.000000
-30.000000
-40.000000
-33.490253
-38.579368
-30.000000
-20.000000
-10.000000
-20.000000
-10.000000
-20.000000
-20.000000
-20.000000
-20.000000
-13.148959
-20.000000
-20.000000
-20.000000
-20.000000
-19.566406
-12.512561
-15.408620
-10.000000
-20.000000
-10.000000
-20.000000
-7.340037
10.000000
3.984904
1.924866
10.000000
0.000000
0.000000
10.000000
10.000000
0.000000
10.000000
10.000000
10.000000
7.430868
10.000000
0.000000
0.000000
10.000000
0.000000
10.000000
0.000000
18.519970
28.089216
20.000000
30.000000
28.769832
20.000000
20.000000
20.000000
20.000000
20.000000
30.000000
20.000000
20.000000
26.830555
21.095387
30.000000
30.000000
20.000000
30.000000
30.000000
30.000000
20.000000
40.000000
41.409081
50.000000
44.447502
47.617487
40.313270
40.000000
50.000000
47.209892
40.000000
46.933976
50.000000
50.000000
40.000000
42.106809
50.000000
46.236319
50.000000
40.000000
50.000000
41.409150
50.000000
47.859515
60.000000
70.000000
60.000000
70.000000
60.000000
65.084350
60.000000
60.000000
70.000000
70.000000
60.000000
70.000000
60.000000
60.000000
70.000000
70.000000
60.000000
63.652483
70.000000
60.000000
70.000000
60.000000
70.000000
80.000000
90.000000
80.000000
90.000000
90.000000
90.000000
90.000000
84.396636
80.000000
81.474217
90.000000
90.000000
90.000000
80.000000
90.000000
82.157644
89.912216
80.000000
89.068368
84.258063
100.000000
