0.000000
0.000000
3.141076
6.279052
9.410831
12.512982
15.643447
18.508736
21.681547
24.436000
27.563426
30.272994
33.873791
35.998273
39.714790
42.577930
45.399052
48.175369
50.904140
53.582680
56.050224
58.703431
60.969203
63.504618
65.663463
68.071750
70.115802
72.896866
75.011108
77.051323
79.015503
80.901703
82.708061
84.351942
86.048103
87.451716
88.977145
90.229574
91.578667
92.675392
94.088074
95.105652
96.029366
96.858315
97.591675
98.228722
98.749803
99.209526
99.520423
99.784690
99.925144
99.993013
99.962548
99.802673
99.556198
99.211472
98.768837
98.228722
97.591675
96.969399
96.128957
95.307935
94.279056
93.295816
92.708018
91.052782
89.253179
88.250488
86.213717
85.235794
82.979490
81.907434
79.440251
78.277601
75.608991
74.359612
71.499763
70.167823
67.127628
63.981823
62.286937
58.973065
57.426516
53.964387
50.965042
48.506776
45.650217
43.111534
41.652277
37.825608
34.537458
31.866026
28.780335
26.057057
22.014510
20.152249
16.055987
12.561902
9.747353
6.519669
3.691489
2.081012
-2.084320
-3.987881
-8.145282
-10.042214
-14.176209
-18.287997
-20.442528
-24.503748
-26.342774
-30.339890
-30.901699
-33.379569
-37.285539
-41.119876
-44.839587
-47.350756
-48.762595
-52.357018
-55.869326
-57.666589
-61.028896
-62.515254
-65.720644
-68.340474
-70.376757
-72.641014
-74.554555
-75.613665
-78.277973
-79.443946
-81.906643
-84.239874
-85.384507
-87.491983
-88.382677
-90.265188
-91.728488
-92.814733
-93.393914
-94.805664
-95.869617
-96.632650
-97.032782
-97.951993
-98.715458
-99.030328
-99.529391
-99.802673
-99.942309
-99.998737
-99.956824
-99.816627
-99.700244
-99.296053
-99.057950
-98.399035
-97.802756
-97.078809
-96.788180
-95.639304
-94.338611
-93.600605
-92.048655
-91.295198
-89.508253
-88.844956
-86.840194
-85.685962
-83.522493
-82.637487
-80.199786
-78.815943
-76.250200
-73.481226
-72.186047
-69.231393
-67.554461
-64.417649
-63.276301
-59.981824
-58.129884
-54.681554
-53.434949
-49.856027
-48.175369
-44.506948
-42.577930
-41.597536
-37.751386
-33.872496
-29.928533
-26.885118
-22.960650
-20.992769
-17.014030
-15.425836
-11.294917
-8.997708
-4.841479
-3.141076
0.819448
4.982781
7.176771
11.323975
13.214390
17.330194
19.203508
23.272579
25.122122
29.129285
31.333634
35.260001
37.037396
40.871518
44.641364
46.231439
49.886375
51.872776
55.392451
56.629747
60.010494
61.525890
64.750890
66.497501
69.465944
70.906380
73.780115
76.537309
77.919444
80.471300
81.342126
83.693259
84.934339
87.063137
87.979405
89.884013
90.700983
92.328397
92.977646
94.384491
95.683054
96.297146
97.333437
97.753804
98.542832
98.851129
99.381985
99.617202
99.885274
99.953053
99.970216
99.934352
99.688928
99.284883
99.064244
98.403404
98.060631
97.181214
96.799965
95.652325
95.105652
94.653964
93.236185
91.638584
90.482704
88.800668
87.630669
85.850782
83.625682
82.428328
79.982181
78.843819
76.195217
74.968882
72.127941
70.710678
67.795248
66.131187
63.213016
61.290707
58.398036
54.956731
53.125469
49.541277
47.888851
44.181570
42.475665
38.659217
36.812454
32.994477
30.901699
27.208136
24.868988
21.321426
17.232237
15.066985
10.935490
9.042008
4.885858
2.983500
-1.181832
-3.141076
-7.245285
-9.410831
-13.282218
-15.643447
-19.270440
-23.339479
-25.471836
-29.476121
-31.291570
-35.218366
-36.996310
-40.830935
-42.577930
-46.293196
-48.175369
-51.585075
-53.582680
-56.687135
-60.070906
-61.809342
-65.031220
-66.464554
-69.518621
-70.875370
-73.750036
-75.025628
-77.709947
-79.015503
-81.383854
-82.708061
-83.198796
-85.439368
-87.540069
-89.475249
-90.682614
-92.356885
-93.073343
-94.509681
-95.121969
-96.314820
-96.858315
-97.765739
-98.228722
-98.857171
-99.211472
-99.585151
-99.865139
-99.958777
-99.971412
-99.936456
-99.771446
-99.556198
-99.192162
-98.768837
-98.768837
-97.990321
-97.095911
-96.038440
-95.919759
-94.593742
-93.203264
-91.754436
-90.482704
-88.631190
-87.630669
-87.104651
-86.074203
-85.619377
-83.338148
-80.996370
-78.461239
-76.774876
-73.985146
-71.140465
-68.454712
-66.341600
-65.124940
-61.901738
-61.290707
-58.005083
-54.550982
-51.037765
-50.307607
-46.656633
-44.969639
-41.180742
-37.370281
-33.798291
-30.901699
-28.028720
-24.868988
-23.744010
-19.674804
-15.573916
-12.533323
-11.805407
-7.657779
-5.759638
-1.596273
0.000000
1.625174
5.787715
9.410831
12.125113
13.721732
17.835255
21.814323
24.868988
28.358537
30.901699
34.124145
36.812454
39.764373
43.548866
45.399052
46.684818
50.332704
51.962892
55.480951
57.049720
60.424690
61.926632
65.145771
66.575750
69.626871
72.109825
74.940110
77.051323
77.985648
79.015503
81.424446
83.804385
85.824000
87.630669
89.100655
90.482704
91.905132
92.977646
93.126607
94.509893
95.822098
96.925745
97.591675
98.228722
98.682360
99.258004
99.556198
99.805506
99.950653
99.981478
99.950653
99.802673
99.596661
99.176612
98.556561
98.139255
97.240336
96.797755
95.649884
95.099882
93.707502
92.977646
91.420332
90.482704
89.100655
89.100655
87.369495
85.228578
83.021782
80.625940
78.838592
76.189805
74.963258
72.122142
70.710678
67.789086
66.131187
63.206513
61.290707
58.391220
54.949781
53.118355
49.534041
47.881479
44.174090
42.468065
38.651522
36.812454
32.986598
30.901699
27.200102
24.868988
21.313270
17.224036
15.058736
10.927211
9.033701
4.877537
2.975169
-1.190162
-3.141076
-7.253593
-9.410831
-13.290470
-15.643447
-19.278604
-23.347592
-25.479876
-29.484095
-31.299457
-35.226172
-37.004013
-40.838545
-42.577930
-46.300578
-48.175369
-51.592200
-53.582680
-56.693976
-60.077607
-61.815858
-65.037584
-66.131187
-67.428787
-70.466127
-73.360162
-75.031056
-77.715190
-79.015503
-81.388680
-82.708061
-84.762681
-86.074203
-87.824855
-89.739893
-90.686058
-92.360108
-93.076302
-94.512413
-95.124431
-96.317050
-96.858315
-97.767458
-98.228722
-98.378530
-99.033608
-99.523212
-99.819789
-99.965301
-99.965929
-99.916690
-99.660444
-99.500294
-98.988167
-98.717630
-97.951607
-97.571552
-96.554616
-95.946021
-94.717064
-93.290059
-92.599641
-90.933794
-90.141387
-88.246780
-87.351278
-85.232078
-84.239532
-81.903888
-80.817547
-78.274402
-77.051323
-74.356934
-71.499207
-69.671908
-66.709197
-65.192673
-62.066507
-60.799418
-57.426367
-55.531452
-52.114058
-50.738792
-47.091837
-45.399052
-41.657717
-39.554334
-35.686888
-31.764091
-30.067021
-26.065028
-23.830451
-19.876169
-17.895111
-13.780977
-12.298180
-8.153069
-6.254828
-2.092167
0.000000
3.976189
6.279052
7.597071
11.737355
15.867086
19.965263
22.688265
26.724518
28.554757
32.412852
34.316266
38.197038
39.714790
43.366518
47.084093
49.007779
52.596325
54.545928
57.897660
59.203459
62.505973
64.293978
67.342829
68.529073
71.499713
72.896866
75.608335
78.274647
79.613788
82.069914
83.137437
85.378819
86.557778
88.572341
89.435584
91.172284
91.828129
93.390631
94.088074
95.384778
96.551797
97.098927
98.006959
98.439227
99.086624
99.366124
99.747168
99.916917
99.990303
99.984502
99.852019
99.645574
99.221357
98.959171
98.280268
97.908554
96.977622
96.497606
95.318255
94.201764
93.211481
92.616725
90.955186
89.441890
88.138903
86.096124
85.111233
82.849147
81.770399
79.297682
77.107709
75.271311
74.199327
71.334504
69.996852
66.951993
64.296263
62.101228
58.783187
57.231894
53.765948
52.151973
48.551200
45.440114
42.898070
41.435663
37.606304
35.838609
31.916298
28.553273
25.827934
22.686455
19.919677
15.822150
13.938185
9.802629
7.905432
3.747249
0.216331
-2.615134
-4.225073
-8.382050
-10.278248
-14.411397
-17.897171
-20.675099
-24.734845
-26.571898
-30.567128
-32.370770
-36.286565
-38.050419
-41.872133
-45.053021
-47.560859
-48.969129
-52.560099
-55.530579
-57.861211
-61.219522
-62.700964
-65.902016
-68.454712
-70.547727
-72.806725
-74.714840
-75.768364
-78.427408
-79.015503
-80.352214
-82.785171
-85.053181
-87.183000
-88.494262
-90.370659
-91.153889
-92.797894
-93.478249
-94.883530
-95.458862
-96.619991
-97.088501
-98.000992
-98.361223
-99.021553
-99.524355
-99.735218
-99.950653
-100.000000
-99.950653
-99.802673
-99.556198
-99.211472
-98.792562
-98.240725
-97.668796
-96.924107
-96.185672
-95.250897
-94.348663
-92.977646
-91.775459
-90.482704
-89.100655
-87.630669
-86.074203
-84.494256
-82.718914
-81.091635
-79.155106
-77.390817
-75.300260
-73.405401
-70.710678
-68.454712
-66.131187
-63.742397
-61.290707
-58.778526
-56.267893
-53.582680
-51.147647
-48.338892
-45.839432
-42.938017
-40.362725
-36.812454
-34.737635
-30.901699
-27.899111
-24.868988
-21.814323
-18.767702
-15.643447
-12.773638
-9.555489
-6.732863
-3.498683
0.000000
