60.000000
60.000000
50.000000
60.000000
50.000000
60.000000
50.000000
<<<<<<< HEAD
48.633787
33.040389
34.885449
37.188825
30.737052
40.000000
21.033600
=======
48.755453
32.954358
34.971481
37.102793
30.823083
40.000000
21.155267
>>>>>>> 0b7d3a452a6bf1231fda0ceace1892f3abc8bffa
10.000000
20.000000
10.000000
20.000000
10.000000
60.000000
<<<<<<< HEAD
50.000000
60.000000
50.000000
50.000000
60.000000
47.393787
30.000000
30.000000
38.065637
30.000000
40.000000
20.000000
10.000000
20.000000
10.000000
20.000000
20.000000
60.000000
50.000000
60.000000
50.000000
60.000000
60.000000
60.000000
30.000000
38.981955
33.092319
34.833557
37.240679
26.826933
10.000000
20.000000
10.000000
20.000000
10.000000
60.000000
52.476761
59.597551
50.000000
60.000000
50.000000
30.000000
30.000000
40.000000
30.000000
40.000000
32.055229
34.160267
13.796392
10.000000
10.000000
20.000000
10.000000
60.000000
60.000000
50.000000
51.682669
60.000000
54.169065
50.000000
50.523327
50.000000
30.000000
30.000000
40.000000
40.000000
31.456546
40.000000
39.637169
30.000000
29.004375
-10.000000
-10.000000
-20.000000
-18.882847
-10.000000
-15.265570
-20.000000
-19.212777
-20.000000
-40.000000
-30.000000
-30.000000
-30.000000
-40.000000
-40.000000
-30.000000
-30.000000
-42.092322
-10.000000
-12.432353
-15.493448
-16.580788
-11.345051
-20.000000
-38.286560
-30.000000
-40.000000
-40.000000
-30.000000
-40.000000
-30.000000
-51.112194
-56.813683
-55.260629
-52.665285
-59.408989
-10.000000
-13.092319
-14.833482
-17.240755
-10.685084
-20.000000
-39.039893
-30.000000
-40.000000
-30.000000
-30.000000
-40.000000
-30.000000
-51.772160
-56.153716
-55.920596
-52.005319
-60.000000
-10.000000
-13.540154
-14.385648
-17.688589
-10.237250
-20.000000
-39.673227
-30.000000
-40.000000
-30.000000
-40.000000
-40.000000
-30.206427
-52.219995
-55.705882
-56.368430
-51.557484
-60.000000
-10.000000
-13.983274
-13.942527
-18.131709
-10.000000
-20.000000
-40.000000
-30.000000
-40.000000
-30.000000
-40.000000
-30.000000
-30.833093
-52.663115
-55.262762
-56.811550
-51.114364
=======
60.000000
50.000000
50.861247
60.000000
50.000000
50.000000
50.000000
55.984235
51.941717
50.000000
32.737120
30.000000
40.000000
30.000000
40.000000
30.000000
40.000000
59.316163
60.000000
60.000000
60.000000
60.000000
60.000000
60.000000
60.000000
60.000000
60.000000
60.000000
50.000000
58.083164
60.000000
50.000000
50.000000
50.000000
50.000000
19.625141
20.303009
20.980878
21.658747
22.336616
23.014484
23.692353
24.370222
25.048091
25.725959
26.403828
27.081697
27.759566
28.437434
29.115303
29.793172
30.471041
31.148909
53.576537
60.000000
52.275198
50.000000
50.000000
50.000000
60.000000
60.000000
60.000000
30.156510
30.000000
30.176607
37.743339
30.000000
30.000000
30.000000
30.000000
30.000000
20.000000
10.000000
10.000000
10.000000
10.000000
10.000000
10.000000
10.000000
10.000000
10.000000
10.000000
10.000000
10.000000
10.000000
10.000000
10.000000
10.000000
10.000000
27.531361
26.850255
26.178934
25.511471
24.844009
24.176547
23.509085
22.841623
22.174160
21.506698
20.052766
18.203957
16.355149
14.506340
12.657531
10.708827
7.922206
5.135586
-60.000000
-60.000000
-60.000000
-60.000000
-60.000000
-60.000000
-60.000000
-60.000000
-60.000000
-60.000000
-60.000000
-60.000000
-60.000000
-60.000000
-60.000000
-60.000000
-60.000000
-60.000000
-49.086573
-49.163316
-49.306000
-49.437005
-49.444593
-49.452181
-49.579010
-49.724863
-49.858879
-49.860904
-49.950386
-50.098286
-50.246186
-50.197734
-49.907920
-49.618106
-49.328293
-49.038479
-36.141660
-35.935335
-35.737551
-35.597175
-35.391080
-35.184985
-35.027205
-34.864409
-34.658409
-34.520200
-34.398130
-34.372647
-34.335178
-34.313056
-34.362746
-34.400173
-34.379970
>>>>>>> 0b7d3a452a6bf1231fda0ceace1892f3abc8bffa
-60.000000
