-100.000000
-100.000000
-90.000000
-100.000000
-93.987730
-100.000000
-90.000000
-97.252427
-90.000000
-100.000000
-91.508269
-100.000000
-90.000000
-99.731905
-96.844662
-100.000000
-90.000000
-94.395526
-90.000000
-100.000000
-94.365230
-100.000000
-90.000000
-80.283945
-70.000000
-70.000000
-70.000000
-80.000000
-70.000000
-79.298924
-70.000000
-80.000000
-70.000000
-73.924961
-70.000000
-80.000000
-74.863841
-80.000000
-70.000000
-76.348047
-70.000000
-80.000000
-72.440740
-80.000000
-70.000000
-60.000000
-50.000000
-60.000000
-50.000000
-53.435315
-50.000000
-60.000000
-55.325156
-60.000000
-50.000000
-55.914870
-50.000000
-60.000000
-52.845618
-60.000000
-60.000000
-60.000000
-50.000000
-60.000000
-50.366086
-53.058095
-50.000000
-40.000000
-35.711311
-40.000000
-30.000000
-35.500389
-30.000000
-40.000000
-33.288266
-40.000000
-30.000000
-37.923422
-30.000000
-40.000000
-30.865223
-40.000000
-30.000000
-40.000000
-36.239221
-40.000000
-30.000000
-34.972450
-30.000000
-20.000000
-13.806504
-20.000000
-10.000000
-17.433354
-10.000000
-20.000000
-11.326921
-20.000000
-10.000000
-19.912940
-16.663224
-20.000000
-10.000000
-14.576640
-10.000000
-20.000000
-14.183642
-20.000000
-10.000000
-17.056226
-10.000000
-10.000000
0.481802
0.000000
10.000000
0.501898
10.000000
0.000000
10.000000
5.875908
10.000000
0.000000
5.335626
0.000000
10.000000
3.452888
10.000000
0.000000
7.758645
0.000000
10.000000
1.029867
10.000000
20.000000
30.000000
26.385195
30.000000
20.000000
24.854704
20.000000
30.000000
23.905619
30.000000
20.000000
27.334287
20.000000
30.000000
21.426044
30.000000
20.000000
29.813868
26.762352
30.000000
20.000000
26.332233
40.000000
50.000000
44.302040
50.000000
40.000000
46.909716
40.000000
40.000000
40.000000
50.000000
40.000000
49.332759
40.000000
50.000000
40.000000
43.958762
40.000000
50.000000
44.829916
50.000000
40.000000
49.025230
60.000000
70.000000
62.388549
70.000000
60.000000
68.851504
60.000000
70.000000
60.000000
63.515173
60.000000
70.000000
65.245367
70.000000
60.000000
65.994709
60.000000
70.000000
62.765854
70.000000
60.000000
70.000000
80.000000
90.000000
80.305975
83.108960
80.000000
90.000000
85.679899
90.000000
80.000000
85.532079
80.000000
90.000000
83.256761
90.000000
80.000000
87.955187
80.000000
90.000000
80.833637
90.000000
80.000000
90.000000
100.000000
