60.000000
60.000000
50.000000
60.000000
50.000000
60.000000
50.000000
<<<<<<< HEAD
48.633787
33.040389
34.885449
37.188825
30.737052
40.000000
21.033600
=======
48.755453
32.954358
34.971481
37.102793
30.823083
40.000000
21.155267
>>>>>>> 0b7d3a452a6bf1231fda0ceace1892f3abc8bffa
10.000000
20.000000
10.000000
20.000000
10.000000
60.000000
<<<<<<< HEAD
50.000000
60.000000
50.000000
50.000000
60.000000
47.393787
33.917202
34.008637
38.065637
30.000000
40.000000
20.000000
10.000000
20.000000
10.000000
20.000000
20.000000
=======
60.000000
50.000000
60.000000
57.064668
50.000000
60.000000
56.090077
50.000000
38.603787
40.000000
30.000000
30.000000
40.000000
40.000000
30.000000
40.000000
40.000000
>>>>>>> 0b7d3a452a6bf1231fda0ceace1892f3abc8bffa
60.000000
50.000000
60.000000
50.000000
<<<<<<< HEAD
60.000000
50.000000
50.000000
30.000000
38.981955
33.092319
34.833557
37.240679
26.826933
10.000000
20.000000
10.000000
20.000000
10.000000
60.000000
52.476761
59.724830
50.000000
60.000000
50.000000
30.000000
30.000000
40.000000
30.000000
40.000000
32.055229
34.160267
13.669113
18.277845
10.000000
20.000000
10.000000
60.000000
60.000000
50.000000
51.682669
60.000000
54.169065
50.000000
50.523327
50.000000
30.000000
40.000000
40.000000
40.000000
38.807497
30.000000
30.362887
29.520267
20.000000
-10.000000
-10.000000
-10.000000
-13.909529
-10.000000
-15.265570
-10.000000
-10.000000
-31.005350
-30.000000
-30.000000
-40.000000
-30.000000
-30.000000
-40.000000
-40.000000
-40.059760
-50.000000
-10.000000
-12.432353
-15.493448
-16.580788
-11.345051
-20.000000
-38.106560
-30.000000
-40.000000
-40.000000
-30.000000
-40.000000
-30.000000
-51.112194
-56.813683
-55.260629
-52.665285
-59.408989
-10.000000
-13.092319
-14.833482
-17.240755
-10.685084
-20.000000
-39.039893
-30.000000
-40.000000
-30.000000
-30.000000
-40.000000
-30.000000
-51.772160
-56.153716
-55.920596
-52.005319
-60.000000
-10.000000
-13.540154
-14.385648
-17.688589
-10.237250
-20.000000
-39.673227
-30.000000
-40.000000
-30.000000
-40.000000
-40.000000
-30.206427
-52.219995
-55.705882
-56.368430
-51.557484
-60.000000
-10.000000
-13.983274
-13.942527
-18.131709
-10.000000
-20.000000
-40.000000
-30.000000
-40.000000
-30.000000
-40.000000
-30.000000
-30.833093
-52.663115
-55.262762
-56.811550
-51.114364
=======
51.106377
54.751288
50.000000
50.000000
47.208787
40.000000
30.000000
33.929062
40.000000
30.000000
30.000000
40.000000
40.000000
36.310267
40.982525
41.660394
42.338263
43.016131
43.694000
44.371869
45.049738
45.727606
46.405475
47.083344
47.761213
48.439081
49.116950
49.794819
50.472688
51.150556
51.828425
52.506294
20.000000
20.000000
12.274934
10.000000
10.000000
10.334272
11.012141
11.690009
12.367878
13.045747
13.723615
14.401484
15.079353
15.757222
16.435090
17.112959
17.790828
18.468697
23.891647
24.569515
25.247384
25.925253
26.603122
27.280990
27.958859
28.636728
29.314597
29.992465
30.670334
31.348203
32.026071
32.703940
33.381809
34.059678
34.737546
35.415415
20.000000
10.000000
10.000000
10.000000
20.000000
16.743849
10.000000
-0.471533
-10.000000
-10.000000
-10.000000
-10.000000
-10.000000
-10.000000
-10.000000
-10.000000
-10.000000
-10.000000
-50.000000
-50.000000
-50.000000
-50.000000
-50.000000
-49.480165
-48.939674
-48.399182
-47.858691
-47.318200
-46.777709
-46.237218
-45.696726
-45.156235
-44.615744
-44.075253
-43.550953
-43.172880
-44.946591
-44.673666
-44.400742
-44.127818
-43.854894
-43.581969
-43.309045
-43.074259
-42.840005
-42.567575
-42.295146
-42.039853
-41.782708
-41.511166
-41.244104
-41.081693
-41.054719
-40.956926
-30.590982
-30.391156
-30.191329
-29.991503
-29.791677
-29.644811
-29.546688
-29.380037
-29.179300
-29.044851
-28.949435
-28.771460
-28.569713
-28.468606
-28.432369
-28.560480
-28.643189
>>>>>>> 0b7d3a452a6bf1231fda0ceace1892f3abc8bffa
-60.000000
