0.000000
0.000000
0.000000
1.646891
3.911065
6.119796
5.627888
3.548042
-1.413112
-5.294783
-6.520921
-4.508550
-0.965162
10.293460
10.606602
1.474080
-10.606602
-15.000000
-10.686531
0.000000
0.000000
0.000000
4.525354
21.213203
30.000000
27.594874
12.704394
0.000000
-21.213203
-25.268337
-30.000000
-21.213203
-10.165268
0.000000
2.800875
10.606602
15.000000
10.606602
10.606602
0.000000
0.000000
11.151363
29.765434
28.836059
8.844071
-21.213203
-22.907795
-24.345938
0.000000
0.000000
0.000000
10.606602
13.362583
10.606602
10.606602
2.656688
0.000000
0.000000
0.000000
0.000000
0.079503
0.370361
0.714488
1.132068
1.478471
1.510681
1.487922
1.150772
0.804580
0.407309
-0.074334
-0.426760
-0.621141
-0.610938
-0.600734
-0.590478
0.000000
