0.000000
0.000000
3.141076
5.251518
9.406662
11.299683
15.429171
17.306128
21.394579
23.248783
27.280958
29.105814
33.066664
34.855704
38.730431
42.544802
44.513745
48.175369
49.862902
53.438926
55.028372
58.466966
59.991201
63.279391
64.733187
67.858547
69.236952
72.187629
75.011108
76.437821
79.015503
80.206143
82.639352
83.679257
85.900106
86.844473
88.844452
89.690226
91.461643
92.206114
93.742160
95.105652
95.762517
96.858315
97.329623
98.213036
98.538832
99.169716
99.385759
99.761671
99.867334
99.986828
99.981826
99.844445
99.556198
99.307663
98.768837
98.416583
97.600963
97.446755
96.414892
95.909090
94.630532
94.018333
92.498024
91.775459
90.025214
89.100655
87.221169
85.098133
83.946429
81.598104
80.497107
77.941863
76.751355
73.998973
72.722912
69.783877
68.426528
65.312022
63.742397
60.599798
57.227025
55.426825
51.904784
50.276205
46.624734
44.940329
41.173149
39.438780
35.570023
33.791761
29.835916
27.899111
23.991865
19.926922
17.771977
13.657287
11.769518
7.622984
5.723573
1.560635
-0.343640
-4.507489
-6.409825
-10.559087
-12.533323
-16.571917
-20.664677
-22.809823
-26.845192
-28.674263
-32.639084
-34.433252
-38.312714
-40.065646
-43.845223
-45.550756
-49.216277
-50.904140
-54.406143
-57.858016
-59.629596
-62.925710
-64.389228
-67.523148
-68.912008
-71.871848
-73.181354
-75.955864
-77.181619
-79.760235
-80.901703
-83.271024
-84.432793
-86.475382
-88.496142
-89.490808
-91.274032
-92.032604
-93.580794
-94.236061
-95.543241
-96.093118
-97.154234
-97.596984
-98.407927
-98.768837
-99.299780
-99.699334
-99.845959
-99.978545
-99.988954
-99.864665
-99.700244
-99.296053
-99.173219
-98.537624
-98.051573
-97.457182
-96.858315
-95.974649
-94.727700
-94.034115
-92.515001
-91.775459
-90.029931
-89.100655
-87.227431
-86.074203
-84.104054
-82.708061
-80.671254
-79.015503
-76.959114
-74.215973
-72.753922
-69.815789
-68.454712
-65.345812
-63.742397
-60.635331
-58.778526
-55.701603
-53.582680
-50.562708
-48.175369
-45.237492
-41.475727
-39.479866
-35.611575
-33.833824
-29.878371
-27.899111
-24.035057
-21.814323
-18.103082
-15.643447
-12.104228
-9.410831
-6.060526
-3.141076
0.005820
4.169822
6.365525
10.514905
12.533323
13.710584
17.825179
21.906955
24.868988
28.350564
30.901699
34.116338
36.812454
39.756764
43.541357
45.511439
49.177571
50.904140
54.368880
56.208340
59.360082
61.290707
64.132848
66.131187
68.669663
70.710678
72.953875
75.737340
77.153744
79.733371
80.901703
83.246440
84.432793
86.453177
87.630669
89.341856
90.482704
91.901909
92.977646
94.123992
95.442517
96.081333
97.143696
97.591675
98.400135
98.768837
99.294764
99.556198
99.824345
99.959479
99.989656
99.950653
99.782096
99.413327
99.179513
98.545193
98.228722
97.504153
96.858315
96.029366
95.185242
94.673649
93.245608
92.977646
91.357313
89.603172
88.055377
87.284958
85.151237
82.904764
81.667823
79.190963
78.017141
77.051323
75.056811
72.234341
69.868874
66.814619
66.131187
63.742397
61.290707
59.636720
56.217663
52.727196
50.622843
46.968946
43.257079
41.271910
37.439662
36.812454
32.897193
28.932544
24.930715
22.509936
18.432892
15.643447
13.762197
9.626007
7.727666
3.569485
2.886309
0.000000
-3.141076
-5.717320
-9.870298
-12.533323
-16.175377
-20.273594
-22.422188
-26.456986
-30.456996
-32.539025
-33.873791
-36.799158
-40.642240
-43.749043
-47.457416
-48.175369
-50.904140
-54.071939
-57.530197
-60.898191
-62.830565
-66.037061
-66.536625
-68.625057
-70.710678
-72.691240
-75.502821
-77.051323
-79.502497
-81.979568
-83.210904
-85.443163
-86.074203
-87.630669
-89.160245
-90.985489
-91.879382
-93.422479
-94.847759
-95.508522
-96.661154
-96.858315
-97.591675
-98.228722
-98.619716
-98.860925
-99.319427
-99.675438
-99.906954
-99.939942
-99.931852
-99.684900
-99.536086
-99.033321
-98.768837
-98.017809
-97.591675
-96.858315
-96.029366
-95.289880
-93.927070
-92.977646
-91.569293
-90.482704
-88.966250
-87.630669
-86.035741
-83.819277
-82.632678
-80.901703
-79.234589
-77.051323
-75.386204
-72.567072
-70.710678
-68.057161
-64.935256
-63.269785
-61.290707
-58.687714
-55.252124
-53.427834
-50.904140
-48.453633
-44.756566
-42.577930
-38.986249
-35.113548
-33.055644
-30.901699
-27.549549
-23.518839
-21.383108
-18.738131
-15.706416
-11.577804
-9.395024
-6.279052
-3.630457
0.000000
0.000000
3.755624
7.913420
10.102948
12.533323
15.827550
19.926526
22.077774
24.868988
27.667702
31.646891
33.873791
36.812454
39.105811
42.903128
45.399052
48.560694
52.159640
54.020471
56.208340
58.791548
62.107393
63.815611
66.131187
68.156177
71.141118
72.896866
75.464061
78.135257
79.480759
80.901703
82.854626
85.113802
86.245521
87.630669
89.027293
90.482704
91.625737
93.206284
94.088074
95.318993
96.495260
97.047119
97.591675
98.275945
98.951841
99.252933
99.560829
99.849573
99.950653
99.980193
99.950653
99.802673
99.482495
99.000271
98.693148
97.907928
97.591675
96.770311
95.652545
94.401071
93.145394
92.545185
91.775459
90.196720
88.308150
87.280813
85.111351
82.895432
81.653696
79.183823
78.777615
77.005568
75.011108
73.163101
70.261274
68.454712
65.593732
62.397750
60.685930
57.305841
53.850186
51.986761
48.388448
47.795472
45.291108
42.577930
40.051978
36.203015
33.873791
30.201880
26.209282
24.088424
20.020710
15.926893
13.752285
9.617489
8.936795
6.113345
3.141076
0.339903
-3.824384
-6.279052
-10.169077
-14.304629
-16.477026
-20.567785
-24.630797
-28.310384
-30.901699
-34.075131
-36.812454
-39.714500
-42.577930
-45.207763
-48.175369
-49.130974
-52.714509
-53.582680
-56.208340
-59.067589
-62.390564
-64.091836
-67.223104
-70.267964
-71.800831
-74.647715
-75.887674
-78.539153
-79.015503
-80.901703
-82.708061
-83.924972
-86.129889
-87.630669
-89.164015
-90.988982
-91.882585
-93.425530
-94.850522
-95.510828
-96.663460
-96.858315
-97.591675
-98.228722
-98.600816
-99.213048
-99.644662
-99.901296
-99.963058
-99.950653
-99.722545
-99.556198
-99.101358
-98.768837
-98.115427
-97.591675
-96.768398
-96.029366
-95.043235
-93.670965
-92.912492
-91.271372
-90.482704
-88.627294
-87.630669
-85.657120
-84.432793
-82.371745
-80.901703
-78.783196
-77.051323
-74.904622
-72.063981
-70.550757
-67.521011
-66.122949
-62.923668
-61.290707
-58.094725
-56.208340
-53.051875
-50.904140
-47.813606
-45.399052
-42.577930
-42.577930
-39.711572
-35.836038
-31.936324
-27.962363
-24.868988
-20.958502
-18.738131
-14.989015
-12.533323
-8.964112
-6.279052
-2.905925
0.000000
3.163288
7.322100
9.513552
13.649442
15.643447
19.633761
21.814323
25.545939
27.899111
31.364239
33.873791
37.067274
39.714790
42.634085
46.362153
48.300007
51.902165
53.582680
56.991565
58.778526
61.871195
63.742397
66.523144
68.454712
70.930337
72.896866
75.076608
77.760922
79.123506
81.598600
82.708061
84.953593
86.074203
87.995990
89.100655
90.714661
91.775459
93.099676
94.088074
95.142326
96.335080
96.907985
97.842246
98.228722
98.910630
99.366124
99.747168
99.859107
99.983627
99.984502
99.880255
99.802673
99.428736
99.211472
98.626713
97.842667
97.391037
96.345849
95.838921
94.546165
93.933999
92.398724
91.683239
89.911438
89.094880
87.093443
86.074203
83.965830
81.620879
80.354038
77.793393
76.596656
73.839153
72.557201
69.613345
68.250467
65.131458
63.692247
60.409920
58.778526
55.466028
51.946358
50.069671
46.414933
44.726865
40.956801
39.219228
35.347980
33.566982
29.609048
27.790893
23.761061
21.814323
17.825487
13.711635
11.533484
7.386315
5.486381
1.323231
-0.581064
-4.744700
-6.646554
-10.795180
-12.687800
-16.805970
-18.738131
-22.754974
-26.791247
-28.901326
-32.864057
-34.655527
-38.532497
-40.282260
-44.058954
-45.760859
-49.423112
-51.071212
-54.605267
-56.208340
-59.586381
-61.290707
-64.348160
-67.484658
-69.082978
-72.037997
-73.341639
-76.111027
-77.330578
-79.903791
-81.035200
-83.402397
-84.441923
-86.594043
-87.630669
-89.467064
-91.253734
-92.123897
-93.665697
-94.313353
-95.613990
-96.156094
-97.210543
-97.645388
-98.449567
-98.775791
-99.311201
-99.638932
-99.899010
-100.000000
-99.965926
-99.802673
-99.649079
-99.226146
-98.965465
-98.287836
-97.917613
-96.987937
-96.509391
-95.331276
-94.745969
-93.323978
-91.775459
-90.860661
-89.100655
-88.159784
-86.118129
-85.134543
-82.873538
-81.796043
-79.324361
-78.156518
-75.483629
-74.229322
-71.365430
-68.454712
-66.775059
-63.742397
-62.135981
-58.818720
-57.268315
-53.803082
-52.189916
-48.589790
-46.919431
-43.197953
-41.476199
-37.647344
-35.880204
-31.958322
-27.986369
-25.870811
-21.826898
-19.963200
-15.865909
-13.982183
-9.846784
-7.949733
-3.791628
0.000000
