60.000000
60.000000
50.000000
60.000000
50.000000
60.000000
50.000000
48.755453
32.954358
34.971481
37.102793
30.823083
40.000000
21.155267
10.000000
20.000000
10.000000
20.000000
10.000000
60.000000
50.000000
60.000000
50.000000
50.000000
50.000000
60.000000
49.332070
30.000000
38.040813
40.000000
30.000000
30.000000
30.000000
30.000000
40.000000
30.000000
40.000000
60.000000
60.000000
60.000000
60.000000
60.000000
60.000000
60.000000
60.000000
60.000000
60.000000
50.000000
53.934804
60.000000
50.000000
50.000000
60.000000
51.049584
50.000000
21.509616
22.187485
22.865353
23.543222
24.221091
24.898960
25.576828
26.254697
26.932566
27.610435
28.288303
28.966172
29.644041
30.321909
30.999778
31.677647
32.355516
33.033384
60.000000
60.000000
30.000000
30.000000
30.000000
33.463475
40.000000
40.000000
40.000000
30.000000
30.000000
30.000000
30.000000
35.669122
30.000000
30.000000
30.000000
30.000000
20.000000
14.914761
10.000000
10.000000
10.000000
10.000000
10.000000
10.000000
10.000000
10.000000
10.000000
10.000000
10.000000
10.000000
10.000000
10.000000
10.000000
10.000000
37.263030
35.984654
34.710492
33.355147
31.281668
29.529417
28.526740
26.994273
24.805355
20.772704
15.476771
10.180837
4.884904
-0.411029
-7.673862
-13.024041
-10.000000
-19.630691
-60.000000
-60.000000
-60.000000
-60.000000
-60.000000
-60.000000
-60.000000
-60.000000
-60.000000
-60.000000
-60.000000
-60.000000
-60.000000
-60.000000
-60.000000
-60.000000
-60.000000
-60.000000
-40.013648
-39.945932
-39.809536
-39.673139
-39.582141
-39.731139
-39.924696
-40.219182
-40.513668
-40.784290
-40.925161
-41.066033
-41.266181
-41.565106
-41.864030
-42.063957
-42.196403
-42.328848
-33.674030
-33.485739
-33.376250
-33.266761
-33.120942
-32.956451
-32.814566
-32.663023
-32.555864
-32.448705
-32.493618
-32.491714
-32.479006
-32.545758
-32.523658
-32.530407
-32.579212
-60.000000
