0.000000
0.000000
0.000000
21.213203
30.000000
21.213203
0.000000
-21.213203
-30.000000
-21.213203
0.000000
0.000000
10.606602
15.000000
10.606602
0.000000
-10.606602
-15.000000
-10.606602
0.000000
0.000000
0.000000
21.213203
28.590027
30.000000
6.979066
-21.213203
-30.000000
-21.672320
-21.213203
0.000000
10.606602
10.606602
10.606602
10.606602
-10.606602
-15.000000
-10.606602
0.000000
0.000000
0.000000
17.248542
21.213203
21.213203
0.000000
-21.213203
-25.878662
-21.213203
0.000000
0.000000
10.606602
15.000000
10.606602
7.768801
-10.606602
-15.000000
-10.606602
0.000000
0.000000
0.000000
0.000000
0.290620
0.654980
0.852458
0.776212
0.451770
0.127329
-0.059094
-0.058198
-0.057298
0.097026
0.298829
0.467699
0.526814
0.338239
0.150605
0.000000
