0
25.9434
50
60
50
60
50
30
40
30
40
30
40
20
10
20
10
20
10
60
50
60
50
60
50
30
40
30
40
30
20
10
20
10
20
10
60
50
60
50
60
50
30
40
30
30
40
20
10
20
10
20
10
55.5494
56.4106
55.674
56.7464
55.6983
46.3763
44.3228
30
40
30
40
20
10
20
10
20
10
60
50
60
50
60
34.0569
40
30
30
40
20
10
10
20
10
-10
-10
-20
-10
-20
-40
-30
-40
-30
-30
-50
-60
-50
-60
-50
-60
-10
-20
-10
-20
-10
-20
-40
-30
-40
-30
-40
-30
-50
-60
-50
-60
-50
-60
-10
-20
-10
-20
-10
-20
-40
-40
-30
-40
-30
-50
-60
-50
-60
-60
-10
-20
-10
-20
-10
-20
-30
-40
-30
-40
-30
-50
-60
-60
-50
-60
-10
-20
-10
-20
-10
-20
-40
-30
-40
-30
-40
-30
-50
-60
-50
-60
-50
-60.000000
