-100.000000
-100.000000
-90.000000
-100.000000
-90.000000
-100.000000
-90.000000
-100.000000
-90.000000
-100.000000
-90.000000
-100.000000
-91.745701
-100.000000
-90.000000
-100.000000
-90.000000
-100.000000
-90.000000
-100.000000
-90.000000
-99.546206
-90.000000
-80.000000
-70.000000
-80.000000
-70.000000
-80.000000
-70.000000
-80.000000
-70.000000
-79.660247
-70.000000
-80.000000
-70.000000
-80.000000
-70.000000
-80.000000
-70.000000
-80.000000
-70.000000
-76.949781
-70.000000
-80.000000
-70.000000
-60.000000
-50.000000
-60.000000
-50.000000
-60.000000
-50.000000
-59.906005
-50.000000
-60.000000
-50.000000
-60.000000
-50.000000
-60.000000
-50.000000
-60.000000
-50.000000
-60.000000
-50.000000
-60.000000
-50.000000
-60.000000
-50.000000
-40.000000
-30.000000
-40.000000
-30.000000
-40.000000
-30.000000
-40.000000
-30.000000
-40.000000
-30.000000
-40.000000
-30.000000
-40.000000
-30.000000
-40.000000
-30.000000
-40.000000
-30.000000
-40.000000
-30.000000
-40.000000
-30.000000
-20.000000
-10.000000
-20.000000
-10.000000
-20.000000
-10.000000
-20.000000
-10.000000
-20.000000
-10.000000
-20.000000
-10.000000
-20.000000
-10.461226
-20.000000
-10.000000
-20.000000
-10.000000
-20.000000
-10.000000
-20.000000
-10.000000
0.000000
10.000000
0.000000
10.000000
0.000000
10.000000
0.000000
10.000000
0.000000
10.000000
0.000000
10.000000
0.000000
10.000000
0.000000
10.000000
0.000000
10.000000
0.000000
10.000000
0.000000
10.000000
20.000000
30.000000
20.000000
30.000000
20.000000
30.000000
20.000000
29.486925
20.000000
30.000000
20.000000
30.000000
20.000000
30.000000
20.000000
30.000000
20.000000
29.675478
20.000000
30.000000
20.000000
30.000000
40.000000
50.000000
40.000000
50.000000
40.000000
49.816598
41.296135
50.000000
40.000000
50.000000
40.000000
50.000000
40.000000
50.000000
40.000000
47.106061
40.000000
50.000000
40.000000
50.000000
40.000000
50.000000
60.000000
70.000000
60.000000
70.000000
60.000000
70.000000
60.000000
70.000000
60.000000
70.000000
60.000000
70.000000
60.000000
70.000000
60.000000
70.000000
60.000000
70.000000
60.000000
70.000000
60.000000
70.000000
80.000000
90.000000
80.000000
90.000000
80.000000
90.000000
80.000000
90.000000
80.000000
90.000000
80.000000
90.000000
80.000000
90.000000
80.000000
90.000000
80.000000
90.000000
80.000000
90.000000
80.000000
90.000000
100.000000
