-100.000000
-100.000000
-90.498623
-100.000000
-90.000000
-100.000000
-90.000000
-100.000000
-91.130428
-100.000000
-100.000000
-92.006297
-90.000000
-100.000000
-100.000000
-90.000000
-100.000000
-100.000000
-100.000000
-95.536955
-92.394085
-99.685270
-90.000000
-88.942993
-77.187388
-80.000000
-70.000000
-70.000000
-80.000000
-70.055354
-70.000000
-74.203739
-80.000000
-71.652963
-80.000000
-80.000000
-78.563693
-80.000000
-70.000000
-70.000000
-70.000000
-80.000000
-80.000000
-70.000000
-74.896834
-70.000000
-70.000000
-50.000000
-50.000000
-52.172624
-60.000000
-50.000000
-60.000000
-50.000000
-60.000000
-50.000000
-50.000000
-60.000000
-60.000000
-50.000000
-50.000000
-60.000000
-50.000000
-60.000000
-50.000000
-50.000000
-50.000000
-49.614259
-30.000000
-40.000000
-30.000000
-30.000000
-30.000000
-40.000000
-30.000000
-40.000000
-34.197395
-30.000000
-30.000000
-40.000000
-30.000000
-36.959810
-35.109819
-30.000000
-30.000000
-40.000000
-30.000000
-40.000000
-33.747151
-20.813606
-20.000000
-10.000000
-10.000000
-10.000000
-20.000000
-20.000000
-20.000000
-10.000000
-20.000000
-20.000000
-16.846398
-10.000000
-20.000000
-20.000000
-20.000000
-10.000000
-12.517275
-15.413334
-16.665635
-11.250835
-20.000000
-20.000000
0.000000
6.054370
6.019836
10.000000
10.000000
0.000000
1.192653
10.000000
0.000000
7.405765
10.000000
0.000000
0.499689
0.000000
10.000000
10.000000
0.000000
10.000000
10.000000
0.000000
10.000000
20.000000
28.089216
30.000000
20.000000
20.000000
20.000000
30.000000
20.000000
20.000000
20.000000
20.000000
30.000000
25.239029
26.830555
21.095387
30.000000
30.000000
20.000000
30.000000
30.000000
30.000000
20.000000
40.000000
41.409081
46.531110
50.000000
50.000000
40.000000
50.000000
49.274657
40.000000
44.859788
40.000000
50.000000
50.000000
40.027915
47.902822
40.000000
50.000000
41.684985
50.000000
40.000000
41.418579
46.512147
50.000000
60.000000
60.304267
70.000000
69.237403
60.000000
70.000000
60.000000
60.000000
60.000000
70.000000
67.794969
60.000000
70.000000
61.567738
70.000000
60.000000
70.000000
60.000000
64.278389
67.805538
60.111200
80.000000
90.000000
80.000000
85.070676
80.000000
80.000000
90.000000
90.000000
80.000000
90.000000
80.000000
80.000000
90.000000
80.000000
88.380219
90.000000
84.236538
87.823894
80.107000
80.000000
90.000000
86.989474
100.000000
