0.000000
0.000000
0.000000
21.213203
30.000000
21.213203
0.000000
-21.213203
-30.000000
-21.213203
0.000000
0.000000
10.606602
15.000000
10.606602
0.000000
-10.606602
-15.000000
-10.606602
0.000000
0.000000
0.000000
21.213203
28.462477
30.000000
7.214747
-21.213203
-30.000000
-22.811956
-21.213203
0.000000
10.606602
15.000000
10.606602
10.606602
-10.606602
-15.000000
-10.606602
-10.606602
0.000000
0.000000
0.000000
20.639184
30.000000
15.279300
-15.086893
-21.213203
-21.213203
0.000000
0.000000
10.606602
10.606602
10.606602
10.606602
10.606602
-4.192413
-15.000000
0.000000
0.000000
0.000000
0.000000
0.000000
6.728840
8.254338
-7.966769
-22.798762
-21.783355
-21.213203
-12.341014
0.000000
2.816621
10.606602
0.000000
-10.606602
-13.784178
-15.000000
0.000000
