0.000000
0.000000
3.141076
6.279052
9.410831
12.512982
15.643447
18.508736
21.681547
24.436000
27.563426
30.272994
33.873791
35.998273
39.714790
42.577930
45.399052
48.175369
50.904140
53.582680
56.050224
58.703431
60.969203
63.504618
65.663463
68.071750
70.115802
72.896866
75.011108
77.051323
79.015503
80.901703
82.708061
84.351942
86.048103
87.451716
88.977145
90.229574
91.578667
92.675392
94.088074
95.105652
96.029366
96.858315
97.591675
98.228722
98.749803
99.209526
99.520423
99.784690
99.925144
99.993013
99.962548
99.802673
99.556198
99.211472
98.768837
98.228722
97.591675
96.877440
96.029366
95.193383
94.808796
93.392062
92.708018
91.052782
89.253179
88.250488
86.213717
85.235794
82.979490
81.907434
79.440251
78.277601
75.608991
74.359612
71.499763
68.996024
66.918172
63.765084
62.286937
58.973065
57.426516
53.964387
50.965042
48.506776
45.650217
43.111534
41.652277
37.825608
36.060884
32.140864
28.780335
26.057057
22.014510
18.738131
15.767630
14.173295
10.038584
6.519669
3.691489
2.081012
-2.084320
-3.987881
-8.145282
-11.659946
-14.466932
-18.577108
-20.442528
-24.503748
-27.899111
-30.619563
-32.145991
-36.064078
-39.335635
-41.921435
-44.839558
-47.350756
-48.762595
-52.357018
-55.869326
-57.666589
-61.028896
-63.742397
-65.939689
-68.340474
-70.376757
-72.641014
-74.554555
-75.613665
-78.277973
-79.443946
-81.906643
-84.239874
-85.384507
-87.491983
-89.100655
-90.389722
-91.055730
-92.706039
-93.393914
-94.805664
-95.869617
-96.632650
-97.414667
-98.011679
-98.764669
-99.030328
-99.529391
-99.802673
-99.942309
-99.973033
-99.959467
-99.816627
-99.603958
-99.267677
-99.057950
-98.399035
-98.131895
-97.266257
-96.858315
-95.751913
-94.468515
-93.745108
-92.204104
-91.295198
-89.508253
-88.653760
-86.638704
-85.899391
-83.673892
-82.402684
-80.033631
-79.015503
-76.425452
-73.666768
-71.902110
-68.939194
-67.856132
-64.727037
-63.276301
-59.984638
-58.463357
-55.018630
-53.434949
-49.856027
-48.175369
-44.503995
-40.733529
-38.351289
-34.470193
-32.678384
-28.822844
-26.885118
-22.960650
-20.992769
-17.014030
-15.022988
-11.004830
-8.997708
-4.841479
-3.141076
0.819448
4.982781
7.582394
11.728509
13.617239
17.731232
19.602007
23.668553
25.122122
29.127726
31.333634
35.153389
37.037396
40.871518
44.641364
46.591439
50.240777
51.525352
55.049016
56.629747
60.013339
61.525890
64.754390
66.195830
69.252809
70.906380
73.780115
76.539395
77.919444
80.397769
81.576929
83.921742
84.720910
86.855730
87.979405
89.830766
90.700983
92.374074
93.089125
94.486490
95.772474
96.405052
97.433145
97.836743
98.593808
98.908764
99.432531
99.585106
99.864964
99.959479
99.970824
99.950653
99.713339
99.323712
99.064244
98.406603
97.977692
97.056365
96.588686
95.418902
94.977105
93.616413
92.977646
91.423757
90.482704
88.800668
87.630669
85.850782
83.625682
82.428328
79.982181
78.843819
76.195217
74.968882
72.127941
70.710678
67.795248
66.131187
63.213016
61.290707
58.398036
54.956731
53.125469
49.541277
47.888851
44.181570
42.475665
38.659217
36.812454
32.994477
30.901699
27.208136
24.868988
21.321426
17.232237
15.066985
10.935490
9.042008
4.885858
2.983500
-1.181832
-3.141076
-7.245285
-9.410831
-13.282218
-15.643447
-19.270440
-23.339479
-25.471836
-29.476121
-31.291570
-35.218366
-36.996310
-40.830935
-42.577930
-46.293196
-48.175369
-51.585075
-53.582680
-56.687135
-60.070906
-61.809342
-65.031220
-66.464554
-68.454712
-68.622437
-71.550579
-74.435615
-77.153937
-79.015503
-81.383854
-82.708061
-84.758292
-86.074203
-87.820921
-89.736173
-90.682614
-92.356885
-93.073343
-94.509681
-95.121969
-96.314820
-96.858315
-97.765739
-98.228722
-98.857171
-99.211472
-99.585151
-99.865139
-99.958777
-99.971412
-99.936456
-99.692320
-99.556198
-99.192162
-98.768837
-98.282176
-97.591675
-97.061321
-96.029366
-95.067907
-94.088074
-93.019632
-92.409047
-90.733172
-88.880470
-87.630669
-86.074203
-84.827875
-82.708061
-80.901703
-78.788405
-77.051323
-74.910230
-72.069763
-70.556756
-67.527173
-66.129299
-62.930170
-61.290707
-60.402209
-57.018082
-53.540642
-50.904140
-47.820967
-45.399052
-42.577930
-40.938505
-37.106257
-33.798291
-30.853108
-27.899111
-25.306711
-23.744010
-19.676718
-15.643447
-13.403346
-9.410831
-6.279052
-5.759638
-1.596731
0.000000
3.251359
6.373831
9.601892
12.533323
15.329185
18.738131
22.488739
24.868988
27.899111
29.899869
33.848029
36.812454
38.636832
42.447339
45.518811
48.175369
50.585167
53.598477
56.208340
58.370886
61.290707
63.188503
66.131187
68.675676
70.710678
70.975620
73.835238
76.601496
79.207077
80.901703
82.708061
84.136897
84.989700
87.107605
88.777718
90.482704
91.905132
92.977646
93.126607
94.558860
95.840880
96.427321
97.453057
98.162607
98.768837
98.918858
99.433806
99.624459
99.877506
99.970404
99.950653
99.832902
99.802673
99.457389
98.919110
98.304791
97.465356
96.797755
95.649884
95.099882
93.707502
92.977646
91.420332
90.482704
88.796772
87.630669
85.846430
83.621127
82.423520
79.977178
78.838592
76.189805
74.963258
72.122142
70.710678
67.789086
66.131187
63.206513
61.290707
58.391220
54.949781
53.118355
49.534041
47.881479
44.174090
42.468065
38.651522
36.812454
32.986598
30.901699
27.200102
24.868988
21.313270
17.224036
15.058736
10.927211
9.033701
4.877537
2.975169
-1.190162
-3.141076
-7.253593
-9.410831
-13.290470
-15.643447
-19.278604
-23.347592
-25.479876
-29.484095
-31.299457
-35.226172
-37.004013
-40.838545
-42.577930
-46.300578
-48.175369
-51.592200
-53.582680
-56.693976
-60.077607
-61.815858
-65.037584
-66.470731
-69.524635
-70.881184
-73.755676
-75.031056
-77.715190
-79.015503
-81.388680
-82.708061
-83.203278
-85.443849
-87.544044
-89.479008
-90.686058
-92.360108
-93.076302
-94.512413
-95.124431
-96.317050
-96.858315
-97.767458
-98.228722
-98.858373
-99.211472
-99.585829
-99.860949
-99.965301
-99.962349
-99.897420
-99.642075
-99.500294
-98.983321
-98.647306
-97.869698
-97.571552
-96.548626
-96.029366
-94.795843
-93.384109
-92.599641
-90.933794
-90.141387
-88.246780
-87.351278
-85.232078
-84.239532
-81.899461
-80.817547
-78.274402
-77.051323
-74.356934
-71.496845
-69.671908
-66.618183
-65.502765
-62.286137
-60.799418
-57.429034
-55.872069
-52.355401
-50.384907
-46.840823
-45.399052
-41.657717
-39.714790
-36.064740
-32.148274
-29.677961
-25.673781
-24.226190
-20.161975
-18.295980
-14.183656
-12.298180
-8.153069
-5.848411
-1.799159
0.218680
4.269462
8.426360
10.322418
14.454956
16.738344
20.718632
22.688265
26.614789
28.554757
32.412852
34.316266
38.197038
39.714790
43.366518
47.084093
49.361664
52.846300
54.205311
57.659714
59.529459
62.827767
63.983886
67.127893
68.529073
71.495399
72.896866
75.603264
78.271435
79.858929
82.234889
83.137437
85.378819
86.557778
88.572341
89.255801
91.048087
91.828129
93.385027
94.088074
95.378412
96.551020
97.194399
98.069157
98.439227
99.086624
99.366124
99.747168
99.916917
99.990303
99.984502
99.852019
99.645574
99.221357
98.959171
98.280268
97.908554
96.977622
96.497606
95.318255
94.201764
93.211481
92.616725
90.955186
90.161022
88.267559
86.234279
85.111233
82.849147
80.901703
79.128333
77.107709
75.271311
73.100766
71.137514
68.825053
66.742112
64.296263
62.101228
58.783187
57.231894
53.765948
50.904140
48.300242
45.440114
42.898070
41.435663
37.606304
35.838609
31.916298
30.109512
26.108917
22.686455
19.919677
15.822150
13.938185
9.802629
6.282940
3.454296
1.843588
-2.321744
-4.225073
-8.382050
-11.895980
-14.702041
-17.897171
-20.675099
-24.734845
-27.899111
-30.846625
-32.370770
-36.286565
-39.555188
-42.138050
-43.589985
-47.303298
-48.969129
-52.560099
-54.168110
-57.623228
-60.987883
-62.700964
-65.902016
-68.454712
-70.547727
-72.806725
-74.714840
-75.768364
-78.427408
-80.567579
-82.209214
-84.009860
-85.509068
-87.610644
-88.494262
-90.370659
-91.775459
-92.906026
-94.056262
-94.975528
-95.458862
-96.619991
-97.088501
-98.000992
-98.361223
-99.021553
-99.524355
-99.703629
-99.939965
-100.000000
-99.950653
-99.802673
-99.556198
-99.211472
-98.792562
-98.240725
-97.668796
-96.924107
-96.185672
-95.250897
-94.348663
-92.977646
-91.775459
-90.482704
-89.100655
-87.630669
-86.074203
-84.494256
-82.718914
-81.091635
-79.155106
-77.390817
-75.300260
-73.405401
-70.710678
-68.454712
-66.131187
-63.742397
-61.290707
-58.778526
-56.267893
-53.582680
-51.147647
-48.338892
-45.839432
-42.938017
-40.362725
-36.812454
-34.737635
-30.901699
-27.899111
-24.868988
-21.814323
-18.767702
-15.643447
-12.773638
-9.555489
-6.732863
-3.498683
0.000000
