0.000000
0.000000
0.000000
0.000000
30.000000
21.213203
0.000000
0.000000
0.000000
-12.650831
0.000000
0.000000
0.000000
0.000000
10.606602
0.000000
-10.606602
-10.606602
-10.606602
0.000000
0.000000
0.000000
21.213203
28.462477
30.000000
30.000000
4.368601
-28.382676
-22.811956
-21.213203
-21.213203
4.954569
15.000000
15.000000
15.000000
-10.606602
-15.000000
-10.606602
-10.606602
-7.191728
-7.050855
-6.902850
-6.331487
-5.750799
-5.277698
-5.396507
-5.829772
-6.383145
-6.431877
-6.279948
-6.095054
-5.633223
-5.099754
-4.850255
-4.784296
-4.963055
-5.203919
-5.363105
-0.033972
0.000000
0.000000
0.000000
0.000000
0.000000
0.000000
0.000000
0.000000
0.000000
0.000000
0.000000
0.000000
0.000000
0.000000
21.213203
21.213203
21.213203
0.000000
