-100.000000
-100.000000
-93.021110
-100.000000
-91.503131
-100.000000
-90.000000
-100.000000
-90.000000
-100.000000
-90.000000
-90.000000
-90.000000
-90.000000
-90.000000
-90.000000
-90.364663
-90.000000
-100.000000
-100.000000
-90.000000
-100.000000
-90.000000
-90.000000
-80.000000
-80.000000
-80.000000
-70.000000
-70.000000
-80.000000
-70.050099
-80.000000
-76.366948
-70.000000
-70.000000
-70.000000
-70.000000
-70.000000
-80.000000
-70.000000
-70.000000
-79.228860
-70.000000
-80.000000
-70.000000
-60.000000
-50.000000
-60.000000
-60.000000
-60.000000
-53.075969
-59.003207
-60.000000
-60.000000
-60.000000
-60.000000
-60.000000
-60.000000
-60.000000
-50.000000
-50.000000
-56.099414
-51.821931
-50.000000
-60.000000
-59.135279
-50.000000
-46.034091
-30.000000
-40.000000
-30.000000
-30.000000
-40.000000
-40.000000
-33.141427
-40.000000
-31.604655
-40.000000
-30.067884
-40.000000
-30.000000
-40.000000
-30.000000
-40.000000
-30.000000
-36.137459
-31.774401
-30.000000
-30.000000
-30.000000
-20.000000
-10.000000
-20.000000
-10.000000
-16.158153
-20.000000
-20.000000
-20.000000
-20.000000
-19.018061
-20.000000
-20.000000
-20.000000
-20.000000
-20.000000
-20.000000
-20.000000
-10.000000
-10.000000
-16.043384
-10.000000
0.000000
10.000000
0.901914
10.000000
0.000000
10.000000
0.000000
10.000000
10.000000
0.000000
0.000000
6.840080
0.000000
8.376858
0.000000
9.913637
0.000000
10.000000
0.000000
10.000000
10.000000
10.000000
18.646630
28.197620
30.000000
20.000000
30.000000
20.000000
27.181224
30.000000
30.000000
23.780568
30.000000
20.000000
20.000000
20.000000
30.000000
20.000000
20.000000
20.000000
28.562414
20.000000
20.000000
20.000000
30.000000
48.228182
50.000000
48.360464
50.000000
40.000000
48.774909
50.000000
50.000000
42.215232
50.000000
43.756717
40.000000
50.000000
40.000000
46.820831
40.000000
48.357601
40.000000
40.000000
50.000000
40.000000
50.000000
60.000000
70.000000
70.000000
70.000000
60.000000
62.421029
70.000000
60.903082
70.000000
70.000000
70.000000
70.000000
70.000000
70.000000
60.000000
60.000000
66.754427
61.166958
68.272364
60.000000
70.000000
80.000000
90.000000
80.000000
80.000000
90.000000
90.000000
90.000000
80.000000
90.000000
80.394626
88.795091
80.000000
80.000000
90.000000
80.000000
90.000000
80.000000
90.000000
80.000000
86.800731
80.000000
90.000000
100.000000
