0
25.9434
50
60
50
60
50
30
40
30
40
30
40
20
10
20
10
20
10
60
50
60
50
60
50
30
40
30
40
30
40
20
10
20
10
20
10
60
50
60
50
60
50
30
40
30
40
30
40
20
10
20
20
10
55.086
53.6951
53.2704
54.9383
54.1709
40.9968
30
40
30
40
20
10
20
10
20
10
60
50
60
60
50
40
30
40
30
40
20
10
20
10
20
10
-10
-20
-10
-20
-10
-20
-40
-30
-40
-30
-40
-30
-50
-60
-50
-60
-50
-60
-10
-20
-10
-10
-20
-40
-30
-40
-30
-40
-30
-50
-60
-50
-60
-50
-60
-10
-20
-10
-20
-10
-20
-40
-30
-40
-30
-40
-30
-50
-60
-50
-60
-50
-60
-57.2193
-10
-20
-10
-20
-10
-20
-40
-30
-30
-40
-30
-50
-60
-50
-60
-50
-60
-10
-20
-10
-20
-10
-20
-40
-30
-40
-30
-40
-30
-50
-60
-50
-60
-50
-60.000000
