-100.000000
-100.000000
-100.000000
-90.000000
-100.000000
-90.000000
-100.000000
-100.000000
-96.145300
-90.000000
-96.343255
-100.000000
-90.000000
-100.000000
-93.265981
-90.000000
-100.000000
-90.000000
-90.000000
-100.000000
-90.000000
-100.000000
-100.000000
-90.000000
-100.000000
-90.000000
-90.000000
-100.000000
-90.000000
-87.682993
-80.000000
-70.000000
-78.474586
-80.000000
-70.000000
-80.000000
-71.162767
-70.000000
-80.000000
-70.000000
-70.000000
-80.000000
-70.000000
-72.916829
-80.000000
-70.000000
-80.000000
-76.715787
-70.000000
-80.000000
-70.000000
-70.000000
-80.000000
-70.000000
-80.000000
-80.000000
-70.000000
-80.000000
-80.000000
-70.000000
-60.000000
-55.432861
-50.000000
-60.000000
-50.000000
-50.000000
-60.000000
-50.000000
-60.000000
-54.650374
-50.000000
-60.000000
-60.000000
-50.000000
-60.000000
-50.000000
-50.000000
-60.000000
-50.000000
-56.325642
-60.000000
-50.000000
-60.000000
-60.000000
-50.000000
-60.000000
-59.548373
-50.000000
-60.000000
-50.000000
-48.807592
-40.000000
-30.000000
-37.674233
-40.000000
-30.000000
-40.000000
-31.962954
-30.000000
-40.000000
-30.000000
-38.400210
-40.000000
-30.000000
-32.121106
-40.000000
-30.000000
-40.000000
-40.000000
-30.000000
-40.000000
-30.690123
-32.847081
-40.000000
-30.000000
-39.673023
-40.000000
-30.000000
-40.000000
-40.000000
-30.000000
-20.000000
-16.233564
-10.000000
-20.000000
-10.000000
-14.157766
-20.000000
-10.000000
-20.000000
-20.000000
-10.000000
-20.000000
-10.000000
-10.000000
-20.000000
-14.866499
-10.000000
-20.000000
-10.000000
-15.520123
-20.000000
-10.000000
-20.000000
-20.000000
-10.000000
-10.000000
-10.000000
-10.000000
-10.000000
-10.000000
-10.000000
-10.000000
-10.000000
-10.000000
-10.000000
-10.000000
-10.000000
-10.000000
-10.000000
-10.000000
-10.000000
-10.000000
-10.000000
-10.000000
-10.000000
-10.000000
-10.000000
-10.000000
-10.000000
-10.000000
-10.000000
-10.000000
-10.000000
-10.000000
-10.000000
-10.000000
-10.000000
-10.000000
-10.000000
-10.000000
-10.000000
-10.000000
-10.000000
-10.000000
-10.000000
-10.000000
-10.000000
-10.000000
-10.000000
-10.000000
-10.000000
-10.000000
-10.000000
-10.000000
-10.000000
-10.000000
-10.000000
-10.000000
-10.000000
-10.000000
-10.000000
-10.000000
-10.000000
-10.000000
-10.000000
-10.000000
-10.000000
-10.000000
-10.000000
-10.000000
-10.000000
-10.000000
-10.000000
-10.000000
-10.000000
-10.000000
-10.000000
-10.000000
-10.000000
-10.000000
-10.000000
