60.000000
60.000000
50.000000
60.000000
50.000000
60.000000
50.000000
<<<<<<< HEAD
48.633787
33.040389
34.885449
37.188825
30.737052
40.000000
21.033600
=======
48.755453
32.954358
34.971481
37.102793
30.823083
40.000000
21.155267
>>>>>>> 0b7d3a452a6bf1231fda0ceace1892f3abc8bffa
10.000000
20.000000
10.000000
20.000000
10.000000
60.000000
<<<<<<< HEAD
50.000000
60.000000
50.000000
50.000000
60.000000
47.393787
33.917202
34.008637
38.065637
30.000000
40.000000
20.000000
10.000000
20.000000
10.000000
20.000000
20.000000
60.000000
50.000000
60.000000
50.000000
60.000000
50.000000
50.000000
30.000000
38.981955
33.092319
34.833557
37.240679
26.826933
10.000000
20.000000
10.000000
20.000000
20.000000
60.000000
52.476761
59.597551
50.000000
60.000000
50.000000
30.000000
30.000000
40.000000
30.000000
40.000000
32.055229
34.160267
13.796392
18.277845
10.000000
20.000000
10.000000
60.000000
60.000000
50.000000
51.682669
60.000000
54.169065
50.000000
50.523327
50.000000
=======
60.000000
50.000000
50.861247
60.000000
50.000000
50.000000
53.910055
54.015897
50.000000
35.687120
30.000000
40.000000
40.000000
40.000000
40.000000
40.000000
36.316125
58.688005
60.000000
60.000000
60.000000
60.000000
60.000000
60.000000
60.000000
60.000000
50.000000
60.000000
60.000000
50.000000
50.000000
50.000000
60.000000
60.000000
50.000000
19.248246
19.926114
20.603983
21.281852
21.959721
22.637589
23.315458
23.993327
24.671196
25.349064
26.026933
26.704802
27.382671
28.060539
28.738408
29.416277
30.094146
30.772014
60.000000
50.000000
50.000000
50.000000
50.000000
53.463400
60.000000
60.000000
60.000000
60.000000
60.000000
60.000000
57.743490
35.686837
>>>>>>> 0b7d3a452a6bf1231fda0ceace1892f3abc8bffa
30.000000
30.000000
40.000000
40.000000
<<<<<<< HEAD
31.456546
40.000000
39.637169
30.000000
29.004375
-10.000000
-10.000000
-20.000000
-18.882847
-10.000000
-15.265570
-20.000000
-19.212777
-20.000000
-40.000000
-40.000000
-30.000000
-30.000000
-39.377897
-30.000000
-30.000000
-31.871382
-48.918785
-10.000000
-12.432353
-15.493448
-16.580788
-11.345051
-20.000000
-38.106560
-30.000000
-40.000000
-40.000000
-30.000000
-40.000000
-30.000000
-51.112194
-56.813683
-55.260629
-52.665285
-59.408989
-10.000000
-13.092319
-14.833482
-17.240755
-10.685084
-20.000000
-39.039893
-30.000000
-40.000000
-30.000000
-30.000000
-40.000000
-30.000000
-51.772160
-56.153716
-55.920596
-52.005319
-60.000000
-10.000000
-13.540154
-14.385648
-17.688589
-10.237250
-20.000000
-39.673227
-30.000000
-40.000000
-30.000000
-40.000000
-40.000000
-30.206427
-52.219995
-55.705882
-56.368430
-51.557484
-60.000000
-10.000000
-13.983274
-13.942527
-18.131709
-10.000000
-20.000000
-40.000000
-30.000000
-40.000000
-30.000000
-40.000000
-30.000000
-30.833093
-52.663115
-55.262762
-56.811550
-51.114364
=======
18.738600
13.766169
14.398116
15.030063
15.662009
16.293956
16.925902
17.557849
18.189795
18.821742
19.453688
20.085635
20.717581
21.349528
21.981475
22.613421
23.245368
23.877314
40.000000
40.000000
40.000000
33.850267
20.000000
11.501830
20.000000
20.000000
20.000000
20.000000
10.000000
10.000000
-10.000000
-10.000000
-10.000000
-10.000000
-10.000000
-20.000000
-24.324389
-24.683614
-24.911106
-25.138598
-25.478350
-25.768731
-25.992969
-26.269893
-26.768640
-26.978882
-27.822050
-30.180493
-31.853323
-33.380654
-35.747341
-38.138353
-40.292507
-41.450649
-28.581709
-28.328499
-28.075289
-27.822079
-27.568868
-27.315658
-27.062448
-26.809238
-26.556027
-26.302817
-26.049607
-25.796397
-25.543187
-25.289976
-25.036766
-24.783556
-24.530346
-24.277136
-43.003279
-42.462787
-41.922296
-41.381805
-40.841314
-40.300823
-39.760331
-39.219840
-38.679349
-38.138858
-37.598367
-37.395132
-37.249898
-37.526190
-37.958831
-38.260027
-38.724455
>>>>>>> 0b7d3a452a6bf1231fda0ceace1892f3abc8bffa
-60.000000
