-100.000000
-100.000000
-100.000000
-90.000000
-100.000000
-90.000000
-99.045268
-90.000000
-100.000000
-90.000000
-100.000000
-100.000000
-90.000000
-100.000000
-90.000000
-100.000000
-100.000000
-90.000000
-100.000000
-90.000000
-90.000000
-100.000000
-90.000000
-100.000000
-99.172883
-90.000000
-100.000000
-90.000000
-86.809659
-80.000000
-70.000000
-80.000000
-76.338823
-70.000000
-80.000000
-72.016009
-70.000000
-80.000000
-70.000000
-79.389189
-80.000000
-70.000000
-80.000000
-70.000000
-70.000000
-80.000000
-70.000000
-70.000000
-80.000000
-70.000000
-80.000000
-79.520588
-70.000000
-80.000000
-70.000000
-71.884560
-80.000000
-70.000000
-61.214817
-60.000000
-50.000000
-60.000000
-50.000000
-50.000000
-60.000000
-50.000000
-60.000000
-60.000000
-50.000000
-60.000000
-60.000000
-50.000000
-60.000000
-50.000000
-50.000000
-60.000000
-50.000000
-60.000000
-50.000000
-50.000000
-60.000000
-50.000000
-51.677567
-60.000000
-50.000000
-60.000000
-60.000000
-50.000000
-40.000000
-32.556941
-30.000000
-40.000000
-30.000000
-38.843321
-40.000000
-30.000000
-40.000000
-30.000000
-30.000000
-40.000000
-30.000000
-40.000000
-40.000000
-30.000000
-40.000000
-40.000000
-30.000000
-40.000000
-35.734152
-31.338587
-40.000000
-30.000000
-35.661370
-40.000000
-30.000000
-40.000000
-30.000000
-30.000000
-20.000000
-10.000000
-18.485260
-20.000000
-10.000000
-20.000000
-20.000000
-10.000000
-20.000000
-10.000000
-20.000000
-20.000000
-10.000000
-20.000000
-20.000000
-10.000000
-20.000000
-15.988444
-10.000000
-20.000000
-10.000000
-20.000000
-20.000000
-10.000000
-20.000000
-20.000000
-20.000000
-20.000000
-20.000000
-20.000000
-20.000000
-20.000000
-20.000000
-20.000000
-20.000000
-20.000000
-20.000000
-20.000000
-20.000000
-20.000000
-20.000000
-20.000000
-20.000000
-20.000000
-20.000000
-20.000000
-20.000000
-20.000000
-20.000000
-20.000000
-20.000000
-20.000000
-20.000000
-20.000000
-20.000000
-20.000000
-20.000000
-20.000000
-20.000000
-20.000000
-20.000000
-20.000000
-20.000000
-20.000000
-20.000000
-20.000000
-20.000000
-20.000000
-20.000000
-20.000000
-20.000000
-20.000000
-20.000000
-20.000000
-20.000000
-20.000000
-20.000000
-20.000000
-20.000000
-20.000000
-20.000000
-20.000000
-20.000000
-20.000000
-20.000000
-20.000000
-20.000000
-20.000000
-20.000000
-20.000000
-20.000000
-20.000000
-20.000000
-20.000000
-20.000000
-20.000000
-20.000000
-20.000000
-20.000000
-20.000000
-20.000000
-20.000000
-20.000000
-20.000000
