0
25.9434
50
60
50
60
50
30
40
30
40
30
40
20
10
20
10
20
10
60
50
60
50
60
50
30
40
40
30
40
20
10
20
10
20
10
60
50
60
50
60
50
30
40
30
40
30
40
20
10
20
10
20
10
55.0198
54.568
56.1232
57.0676
55.9934
46.8019
44.7076
30
40
40
20
10
20
10
20
10
60
50
60
60
50
30
40
30
40
30
40
20
10
20
10
20
10
-10
-20
-10
-20
-10
-20
-40
-40
-30
-40
-30
-50
-60
-50
-60
-50
-60
-10
-20
-20
-20
-40
-40
-30
-40
-30
-55.9435
-50
-60
-50
-60
-10
-20
-10
-20
-40
-30
-40
-30
-40
-30
-50
-60
-50
-60
-50
-60
-10
-20
-10
-20
-10
-20
-40
-30
-40
-30
-40
-30
-50
-60
-50
-60
-50
-60
-10
-20
-10
-20
-10
-20
-40
-30
-40
-30
-40
-30
-50
-60
-50
-60
-50
-60.000000
