0.000000
0.000000
1.608512
5.657937
9.410831
10.490817
14.510937
18.508746
21.814323
23.248783
27.170849
30.901699
31.802908
35.617436
39.376742
42.577930
43.782227
47.390098
50.904140
51.601240
55.028400
58.369986
61.290707
62.231803
65.353402
68.373452
68.944002
71.820244
74.584582
77.051323
77.719962
80.206174
82.567459
84.432793
85.194387
87.249331
89.100655
89.510443
91.242315
92.831842
94.088074
94.515395
95.762538
96.858315
97.043209
97.937813
98.679493
99.211472
99.340871
99.720505
99.944418
99.960882
99.975399
99.833788
99.556198
99.442327
98.936373
98.275920
97.591675
97.591675
96.858315
95.788881
95.105652
94.247416
92.864469
91.276856
90.482704
89.144298
87.289134
86.074203
84.757946
82.611875
80.251999
79.015503
77.195690
74.634285
72.896866
71.235390
68.426560
65.407547
63.742397
61.574508
58.426968
55.086238
53.582680
50.904140
47.450243
45.399052
43.024151
39.438803
35.680049
33.873791
31.003717
27.234849
24.868988
22.427131
18.573727
14.576153
12.533323
12.533323
8.738703
4.584416
0.763378
-3.175049
-7.221075
-9.410831
-12.161001
-16.059749
-20.044040
-21.814323
-24.868988
-28.674280
-30.901699
-33.393447
-37.078502
-40.807984
-42.577930
-45.292699
-48.762621
-50.904140
-53.035992
-56.332723
-59.629626
-61.290707
-63.545887
-66.530479
-68.454712
-70.153795
-72.906746
-75.613697
-77.051323
-78.773997
-81.132999
-83.430571
-84.432793
-86.074203
-88.000314
-89.100655
-90.252891
-91.876203
-93.393937
-94.088074
-95.062312
-96.201043
-96.858315
-97.437476
-98.249870
-98.915069
-99.211472
-99.526245
-99.826693
-99.950653
-99.987420
-99.950653
-99.696877
-99.492117
-99.000302
-98.353924
-97.591675
-97.591675
-97.238422
-96.150408
-95.105652
-94.108227
-92.725114
-91.127035
-90.482704
-88.955937
-87.108810
-86.074203
-84.551356
-82.402699
-80.901703
-80.706518
-78.144665
-75.463878
-72.896866
-70.982463
-68.157836
-65.131322
-63.742397
-61.291057
-58.129914
-54.782821
-53.582680
-50.668768
-47.129560
-45.399052
-42.698338
-39.103696
-35.340787
-33.448677
-30.768126
-26.769995
-24.868988
-21.814323
-18.100532
-14.217297
-12.533323
-9.403336
-5.361547
-3.141076
-0.400994
3.537079
7.582398
9.410831
12.521264
16.416837
20.399017
21.814323
25.122136
29.020848
30.901699
33.736530
37.413609
41.138606
42.577930
45.511464
49.077857
50.904140
53.345471
56.629776
59.920022
61.290707
63.742397
66.799203
68.454712
70.414750
73.151391
75.849816
77.051323
79.001355
81.342157
83.630310
84.432793
86.193047
88.170628
89.100655
90.413039
91.775459
92.343250
93.883849
95.135121
96.297164
96.858315
97.522520
98.312514
98.966409
99.211472
99.556198
99.843859
99.950653
99.993144
99.934347
99.703743
99.556198
99.192813
98.642907
97.894733
97.591675
97.043298
96.029366
95.185242
94.531747
93.098985
92.079111
90.482704
89.100655
87.672986
86.272888
85.866587
83.626015
81.242729
79.015503
77.750227
75.074369
73.255427
70.710678
68.974460
66.131187
63.850705
62.277288
58.965318
56.752739
53.582680
51.645988
48.175369
45.642845
43.835562
42.577930
39.293262
35.437601
31.854881
27.899111
25.263834
23.305050
19.234131
16.561160
12.553662
10.547207
6.398032
3.683166
0.000000
-2.385541
-6.279052
-9.257493
-11.263173
-15.393175
-18.072295
-21.814323
-24.001882
-28.018262
-30.901699
-32.538299
-36.452134
-38.967146
-42.577930
-44.476610
-48.175369
-50.539270
-52.265257
-55.775826
-58.006892
-61.266305
-62.835218
-66.037193
-68.044981
-70.710678
-72.351473
-75.011108
-76.944438
-78.204164
-80.747667
-82.311790
-84.432793
-85.591299
-87.630669
-88.960179
-89.100655
-90.202108
-91.911038
-93.504081
-94.768514
-95.105652
-96.202259
-97.225687
-98.117757
-98.602915
-99.204423
-99.419805
-99.790851
-99.923434
-100.000000
-99.948022
-99.746324
-99.556198
-99.211472
-98.803211
-98.067998
-97.591675
-96.882400
-96.678064
-95.504992
-94.290819
-92.915721
-91.331962
-90.482704
-89.203203
-88.841040
-86.823491
-84.827890
-82.688807
-80.332318
-79.015503
-77.279316
-74.724270
-71.964163
-70.710678
-68.454712
-65.509147
-63.742397
-61.678766
-58.536229
-55.197839
-53.582680
-50.995871
-47.568195
-45.399052
-43.143990
-39.562060
-35.804834
-33.873791
-31.129909
-27.363480
-24.868988
-22.556793
-18.705070
-14.708144
-12.533323
-9.783241
-5.856738
-1.807490
0.000000
0.000000
3.951818
6.279052
8.904476
12.819799
16.825915
18.738131
21.697868
25.522767
27.899111
30.288928
34.018619
37.797505
39.714790
42.348330
45.878836
48.175369
50.231281
53.598505
56.970079
58.778526
60.982555
64.051650
67.107052
68.454712
70.710678
73.431655
75.011108
76.713746
79.177083
81.581768
82.708061
84.361125
84.767408
86.896304
88.793793
90.536264
92.175174
92.977646
93.993628
95.105652
95.105652
95.760776
96.852945
97.781238
98.611002
99.147302
99.592818
99.875903
99.950653
99.989526
99.876049
99.802673
99.659938
99.242768
98.875178
98.228722
97.776514
96.858315
96.124537
95.543125
94.227626
94.009294
92.468695
90.925688
89.123386
87.860266
86.875985
84.729289
83.264561
80.958639
79.746925
77.167132
75.415154
72.896866
71.281526
68.454712
66.302475
64.772575
61.541479
59.381927
56.208340
54.384885
50.904140
48.492282
46.715256
42.989442
40.523602
36.812454
34.899778
30.970573
30.901699
29.442979
25.421606
21.380415
17.298978
13.753948
12.533323
8.816953
4.664178
0.843908
-3.141076
-6.036611
-8.048638
-12.193554
-14.886279
-18.738131
-20.854893
-24.868988
-27.536628
-29.468230
-33.424740
-35.972276
-39.714790
-41.561886
-45.324825
-47.725500
-49.484860
-53.064904
-55.345739
-58.680697
-60.291521
-63.575508
-65.642297
-68.454712
-70.086057
-72.896866
-74.840443
-76.152576
-78.798565
-80.434551
-82.708061
-83.878969
-86.074203
-87.437899
-88.390508
-89.100655
-90.539337
-92.248267
-93.681328
-95.077362
-95.874542
-96.421256
-97.443131
-98.015075
-98.745016
-99.013952
-99.503858
-99.821401
-99.950653
-99.996654
-99.897424
-99.802673
-99.570210
-99.125791
-98.506672
-98.228722
-97.518111
-96.593737
-96.029366
-95.195911
-93.918241
-92.443240
-91.775459
-90.482704
-88.691637
-86.744066
-86.074203
-84.152330
-81.979573
-80.901703
-79.023686
-76.567722
-73.894725
-72.896866
-70.447138
-67.614194
-66.131187
-63.878221
-60.799450
-57.528978
-56.208340
-53.503751
-50.031049
-48.175369
-45.674790
-42.137467
-38.425780
-36.812454
-33.873791
-30.067039
-26.177665
-24.868988
-21.470165
-17.494253
-15.643447
-12.589400
-8.672384
-4.629164
-3.141076
0.218680
4.269462
6.279052
9.221499
13.134653
17.139223
18.738131
22.002774
25.829598
27.899111
30.587439
34.316276
38.193750
39.714790
42.577930
46.160201
49.715576
50.904140
53.864722
57.230712
58.778526
61.237347
64.294009
67.342829
68.454712
70.850206
73.646306
75.011108
76.920916
79.368678
81.765283
82.708061
84.465263
86.557807
87.630669
88.943212
90.667715
92.297432
92.977646
94.088074
94.346953
95.600148
96.797340
97.654462
98.439240
98.768837
99.169557
99.604259
99.883202
99.964599
99.971651
99.918795
99.802673
99.580897
99.189715
98.584676
98.228722
97.607998
96.713428
96.029366
95.307864
94.078513
92.616750
91.775459
90.606639
88.903698
86.968587
86.074203
84.388084
82.240020
80.901703
79.293134
76.861741
74.199360
72.896866
70.760916
67.948812
66.131187
64.206280
61.161039
57.898872
56.208340
53.784190
50.423584
48.175369
46.074107
42.549161
38.843058
36.812454
34.224194
30.498591
26.613134
24.868988
21.814323
17.938903
15.643447
13.036246
9.122308
5.079968
3.141076
0.119140
-3.818658
-6.279052
-8.771576
-12.687808
-16.694572
-18.738131
-21.567302
-25.394137
-27.899111
-30.161455
-33.893834
-37.674247
-39.714790
-42.226722
-45.760884
-49.323041
-50.904140
-53.582680
-56.860818
-58.778526
-60.875742
-63.950050
-67.008211
-68.454712
-70.617716
-73.341671
-75.011108
-76.626898
-79.096764
-81.504837
-82.708061
-84.287658
-86.333286
-87.630669
-88.731136
-90.482704
-92.123922
-92.977646
-93.946282
-95.218421
-96.371925
-96.858315
-97.588666
-98.361236
-98.768837
-99.103553
-99.547903
-99.844748
-99.970323
-99.965927
-99.805283
-99.745366
-99.375444
-98.850208
-98.228722
-98.000552
-97.115067
-96.077785
-95.852052
-94.613557
-93.227288
-91.775459
-91.365229
-89.641336
-87.777423
-86.074203
-85.347972
-83.167402
-80.901703
-80.380811
-77.901317
-75.300294
-72.896866
-72.020336
-69.150030
-66.171749
-65.570498
-62.454216
-59.240654
-56.208340
-55.265235
-51.842522
-48.338919
-47.639431
-44.035319
-40.362749
-36.812454
-35.880204
-32.068478
-28.206722
-24.868988
-23.521153
-19.564714
-15.643447
-14.787879
-10.768796
-6.732869
-3.141076
0.000000
