-100.000000
-100.000000
-100.000000
-97.210741
-100.000000
-90.000000
-100.000000
-100.000000
-90.000000
-100.000000
-90.000000
-100.000000
-90.000000
-100.000000
-99.111397
-90.000000
-100.000000
-90.000000
-100.000000
-90.000000
-94.589475
-94.793480
-90.000000
-100.000000
-90.000000
-90.000000
-100.000000
-90.000000
-80.000000
-70.000000
-70.000000
-80.000000
-70.000000
-80.000000
-79.930891
-70.000000
-80.000000
-70.000000
-70.000000
-80.000000
-70.000000
-80.000000
-80.000000
-70.000000
-80.000000
-70.000000
-77.381075
-80.000000
-70.000000
-80.000000
-70.186779
-70.000000
-80.000000
-70.000000
-70.000000
-80.000000
-70.000000
-60.000000
-58.402709
-50.000000
-60.000000
-50.000000
-54.062957
-60.000000
-50.000000
-60.000000
-53.471863
-50.000000
-60.000000
-50.000000
-58.993815
-60.000000
-50.000000
-60.000000
-50.000000
-50.000000
-60.000000
-50.000000
-60.000000
-58.563118
-50.000000
-60.000000
-50.000000
-50.000000
-60.000000
-50.000000
-40.000000
-33.641172
-30.000000
-40.000000
-30.000000
-38.796180
-40.000000
-30.000000
-40.000000
-40.000000
-30.000000
-40.000000
-30.000000
-30.556043
-40.000000
-30.000000
-40.000000
-30.000000
-30.000000
-40.000000
-30.000000
-40.000000
-33.952236
-30.000000
-40.000000
-32.127894
-30.000000
-40.000000
-30.000000
-20.000000
-20.000000
-10.000000
-20.000000
-10.000000
-10.292249
-20.000000
-10.000000
-20.000000
-17.247088
-10.000000
-20.000000
-10.000000
-15.223139
-20.000000
-10.000000
-20.000000
-12.311488
-10.000000
-20.000000
-10.000000
-20.000000
-20.000000
-10.000000
-20.000000
-20.000000
-20.000000
-20.000000
-20.000000
-20.000000
-20.000000
-20.000000
-20.000000
-20.000000
-20.000000
-20.000000
-20.000000
-20.000000
-20.000000
-20.000000
-20.000000
-20.000000
-20.000000
-20.000000
-20.000000
-20.000000
-20.000000
-20.000000
-20.000000
-20.000000
-20.000000
-20.000000
-20.000000
-20.000000
-20.000000
-20.000000
-20.000000
-20.000000
-20.000000
-20.000000
-20.000000
-20.000000
-20.000000
-20.000000
-20.000000
-20.000000
-20.000000
-20.000000
-20.000000
-20.000000
-20.000000
-20.000000
-20.000000
-20.000000
-20.000000
-20.000000
-20.000000
-20.000000
-20.000000
-20.000000
-20.000000
27.826522
50.000000
50.000000
40.000000
50.000000
50.000000
40.000000
50.000000
50.000000
50.000000
50.000000
50.000000
50.000000
50.000000
50.000000
50.000000
50.000000
50.000000
50.000000
50.000000
50.000000
50.000000
50.000000
50.000000
50.000000
60.000000
