0.000000
0.000000
0.000000
0.000000
30.000000
21.213203
0.000000
0.000000
0.000000
-12.650831
0.000000
0.000000
0.000000
0.000000
10.606602
0.000000
-10.606602
-10.606602
-10.606602
0.000000
0.000000
0.000000
21.213203
28.462477
30.000000
30.000000
4.368601
-28.382676
-22.811956
-21.213203
0.000000
10.606602
15.000000
15.000000
15.000000
-10.606602
-15.000000
-10.606602
-10.606602
-8.375359
-8.234342
-8.086545
-7.577413
-7.060316
-6.780676
-6.705051
-6.984094
-7.426565
-7.445960
-7.299021
-7.124286
-6.720922
-6.258941
-6.029975
-5.950370
-6.105784
-6.273366
-6.375857
-0.498977
-0.443621
-0.388265
-0.332909
-0.277553
-0.222197
-0.166841
-0.111485
-0.056130
-0.000774
0.000000
3.369389
21.213203
21.213203
21.213203
21.213203
21.213203
21.213203
0.000000
