-100.000000
-100.000000
-99.445881
-100.000000
-100.000000
-90.000000
-100.000000
-90.000000
-90.000000
-96.589292
-90.000000
-100.000000
-90.000000
-100.000000
-90.000000
-90.000000
-100.000000
-90.000000
-91.468818
-100.000000
-90.000000
-100.000000
-95.029183
-90.000000
-100.000000
-90.000000
-100.000000
-100.000000
-90.000000
-80.000000
-70.000000
-80.000000
-80.000000
-70.000000
-80.000000
-70.000000
-70.000000
-80.000000
-70.000000
-80.000000
-79.006873
-70.000000
-80.000000
-70.000000
-80.000000
-80.000000
-70.000000
-80.000000
-70.000000
-70.000000
-80.000000
-70.000000
-80.000000
-77.545377
-70.000000
-80.000000
-70.000000
-61.614817
-60.000000
-50.000000
-60.000000
-50.000000
-50.480282
-60.000000
-50.000000
-60.000000
-56.017447
-50.000000
-60.000000
-50.000000
-57.485321
-60.000000
-50.000000
-60.000000
-50.000000
-52.031146
-60.000000
-50.000000
-60.000000
-50.000000
-50.000000
-60.000000
-50.000000
-59.040892
-59.874665
-50.000000
-40.000000
-30.000000
-33.568299
-40.000000
-30.000000
-40.000000
-30.000000
-30.000000
-40.000000
-30.000000
-40.000000
-30.000000
-30.000000
-40.000000
-30.000000
-35.034390
-40.000000
-30.000000
-40.000000
-31.500939
-30.000000
-40.000000
-30.000000
-40.000000
-40.000000
-30.000000
-40.000000
-30.000000
-20.000000
-20.000000
-10.000000
-20.000000
-10.001597
-11.046496
-20.000000
-10.000000
-20.000000
-15.455751
-10.000000
-20.000000
-10.000000
-18.051566
-20.000000
-10.000000
-20.000000
-10.000000
-12.602129
-20.000000
-20.000000
-20.000000
-20.000000
-20.000000
-20.000000
-20.000000
-20.000000
-20.000000
-20.000000
-20.000000
-20.000000
-20.000000
-20.000000
-20.000000
-20.000000
-20.000000
-20.000000
-20.000000
-20.000000
-20.000000
-20.000000
-20.000000
-20.000000
-20.000000
-20.000000
-20.000000
-20.000000
-20.000000
-20.000000
-20.000000
-20.000000
-20.000000
-20.000000
-20.000000
-15.442708
17.661528
20.000000
30.000000
20.000000
30.000000
20.000000
30.000000
30.000000
20.000000
29.941827
30.000000
20.000000
20.000000
20.000000
24.492387
30.000000
20.000000
20.000000
20.000000
20.000000
20.000000
20.000000
20.000000
20.000000
20.000000
20.000000
20.000000
20.000000
20.000000
20.000000
20.000000
20.000000
20.000000
20.000000
20.000000
20.000000
20.000000
20.000000
20.000000
20.000000
20.000000
20.000000
20.000000
20.000000
20.000000
20.000000
20.000000
20.000000
20.000000
20.000000
20.000000
20.000000
90.000000
