0.000000
0.000000
0.000000
0.000000
23.488824
21.213203
0.000000
0.000000
0.000000
-12.650831
0.000000
0.000000
0.000000
0.000000
10.606602
0.000000
-10.606602
-10.606602
-10.606602
0.000000
0.000000
0.000000
21.213203
28.462477
30.000000
30.000000
4.368601
-28.382676
-22.811956
-21.213203
-21.213203
4.954569
15.000000
15.000000
15.000000
-10.606602
-15.000000
-10.606602
-10.606602
0.000000
0.000000
0.000000
0.000000
0.000000
0.000000
0.000000
0.000000
0.000000
0.000000
0.000000
0.000000
0.000000
0.000000
0.000000
0.000000
0.000000
0.000000
0.000000
0.000000
0.000000
0.000000
0.000000
0.000000
0.000000
0.000000
0.000000
0.000000
0.000000
0.000000
0.000000
0.019958
0.219956
0.419953
0.619951
0.819948
1.019946
0.000000
