-3500.000000
-3500.000000
-3500.000000
-3500.000000
-3500.000000
-3500.000000
-3500.000000
-3500.000000
-3500.000000
-3500.000000
-3500.000000
-3500.000000
-3500.000000
-3500.000000
-3500.000000
-3500.000000
-3500.000000
-3500.000000
-3500.000000
-3500.000000
-3500.000000
-3500.000000
-3500.000000
-3500.000000
-3500.000000
-3500.000000
-3500.000000
-3500.000000
-3500.000000
-3500.000000
-3500.000000
-3500.000000
-3500.000000
-3500.000000
-3500.000000
-3500.000000
-3500.000000
-3500.000000
-3500.000000
-3500.000000
-3500.000000
-3500.000000
-3500.000000
-3500.000000
-3500.000000
-3500.000000
-3500.000000
-3500.000000
-3500.000000
-3500.000000
-3500.000000
-3500.000000
-3500.000000
-3500.000000
-3500.000000
-3500.000000
-3500.000000
-3500.000000
-3500.000000
-3500.000000
-3500.000000
-3500.000000
-3500.000000
-3500.000000
-3500.000000
-3500.000000
-3500.000000
-3500.000000
-3500.000000
-3500.000000
-3500.000000
-3500.000000
-3500.000000
-3500.000000
-3500.000000
-3500.000000
-3500.000000
