-3000.000000
-3013.631667
-3053.583073
-3093.499037
-3133.407370
-3173.277171
-3213.080178
-3252.843826
-3292.491722
-3332.000116
-3371.392651
-3411.081163
-3450.756424
-3487.876490
-3500.000000
-3500.000000
-3500.000000
-3500.000000
-3500.000000
-3500.000000
-3500.000000
-3500.000000
-3500.000000
-3500.000000
-3500.000000
-3500.000000
-3500.000000
-3500.000000
-3500.000000
-3500.000000
-3500.000000
-3500.000000
-3500.000000
-3500.000000
-3500.000000
-3500.000000
-3500.000000
-3500.000000
-3500.000000
-3500.000000
-3500.000000
-3500.000000
-3500.000000
-3500.000000
-3500.000000
-3500.000000
-3500.000000
-3500.000000
-3500.000000
-3500.000000
-3500.000000
-3500.000000
-3500.000000
-3500.000000
-3500.000000
-3500.000000
-3500.000000
-3500.000000
-3500.000000
-3500.000000
-3500.000000
-3500.000000
-3500.000000
-3500.000000
-3500.000000
-3500.000000
-3500.000000
-3500.000000
-3500.000000
-3500.000000
-3500.000000
-3500.000000
-3500.000000
-3500.000000
-3500.000000
-3500.000000
-3500.000000
